-20000
9945
4084
17297
2955
5494
16779
32594
262
3977
4100
5872
13122
16830
27602
32689
251
1334
3533
4014
4099
5235
5580
6376
12937
14935
16794
16855
27509
30971
32656
32765
220
1180
2055
3341
3582
4012
4079
5072
5349
5547
5822
6266
8324
12360
13082
14649
16706
16785
16798
16845
17263
25001
27568
28419
31215
32604
32658
32731
32767
27
871
1252
1603
2896
3322
3409
3551
3636
4004
4069
5045
5128
5321
5404
5525
5557
5590
5842
6250
6284
7610
9670
11077
12652
13058
13112
13881
14764
15148
16765
16782
16797
16820
17040
17275
24849
27244
27563
27591
27899
28576
31106
32462
32621
32708
32745
17
82
366
1124
1183
1289
1594
1847
2281
2909
3135
3340
3345
3480
3543
3568
3587
3715
3994
4053
4076
4875
5046
5080
5132
5317
5322
5367
5419
5500
5536
5554
5560
5587
5697
5825
5864
5975
6262
6270
6290
6523
7724
9479
9815
9996
11552
12394
12774
12988
13066
13228
14157
14746
14815
15077
16314
16755
16778
16807
16829
16874
17202
17286
18084
24962
25436
27312
27513
27578
27593
27859
27960
28551
28697
31009
31125
31374
32464
32653
32702
32714
32
185
278
754
973
1166
1194
1262
1325
1543
1600
1620
1866
2277
2550
2929
2994
3149
3354
3419
3495
3557
3570
3621
3683
3775
4034
4066
4635
4988
5047
5086
5216
5305
5336
5359
5372
5416
5482
5517
5543
5553
5572
5679
5736
5838
5847
5871
5904
6156
6265
6342
6380
7418
7655
8041
8913
9540
9711
9816
9980
10242
11499
11901
12374
12495
12760
12905
12939
12990
13060
13163
13788
14014
14326
14697
14759
14774
14909
14940
15123
15791
16465
16726
16813
16822
16871
16950
17139
17253
17878
18659
24866
24982
25056
25680
27291
27327
27539
27571
27690
27895
27948
28269
28510
28566
28611
29740
31003
31100
31121
31171
31309
32366
32538
32646
32721
29
59
124
200
276
339
669
854
879
1121
1131
1191
1236
1254
1282
1323
1414
1589
1595
1608
1731
1854
1969
2243
2540
2862
2927
2950
2989
3085
3138
3205
3351
3369
3432
3499
3559
3620
3626
3643
3714
3733
3868
4049
4401
4703
4949
5039
5103
5146
5221
5271
5335
5403
5440
5487
5511
5549
5599
5713
5812
5837
5889
5940
6065
6230
6330
6346
6519
6979
7537
7626
7666
7739
8264
8444
9272
9497
9613
9687
9814
9917
9963
10194
10327
11314
11546
11801
12253
12369
12453
12529
12731
12767
12876
12908
12982
12991
13138
13218
13370
13878
13882
14032
14325
14422
14668
14698
14755
14770
14814
14892
14929
15062
15078
15140
15280
16149
16402
16483
16748
16869
16883
16996
17118
17172
17239
17256
17758
17975
18350
22311
24861
24878
24964
24995
25025
25095
25522
25804
27268
27300
27418
27638
27824
27866
27915
27949
28108
28379
28434
28523
28565
28595
28665
29616
29775
30996
31097
31115
31143
31175
31226
31365
31413
32437
32520
32570
32718
54
111
177
202
269
324
578
708
759
877
925
1070
1122
1133
1187
1261
1281
1283
1292
1348
1510
1561
1667
1768
1852
1920
1992
2178
2272
2342
2545
2672
2869
2934
2970
3083
3122
3160
3292
3375
3431
3449
3671
3710
3721
3752
3782
3921
4279
4525
4655
4739
4885
4998
5093
5113
5145
5168
5218
5237
5301
5430
5444
5508
5595
5674
5721
5757
5937
5945
6057
6074
6168
6232
6305
6335
6492
6707
6995
7472
7603
7625
7632
7664
7715
7733
8032
8160
8303
8342
8814
9068
9430
9487
9509
9584
9630
9709
9760
9870
9942
9946
9977
10064
10220
10324
10475
11291
11390
11512
11548
11607
11882
11938
12356
12404
12482
12519
12558
12683
12747
12806
12885
12924
12959
12985
13015
13127
13162
13175
13223
13299
13372
13841
13967
14022
14122
14165
14380
14568
14654
14744
14752
14792
14883
14984
15070
15132
15256
15612
16130
16272
16336
16456
16481
16520
16738
16753
16928
16978
17024
17050
17120
17187
17232
17241
17254
17503
17779
17913
18080
18339
18412
21229
22886
24867
24918
24980
24984
25042
25093
25245
25486
25586
25768
26952
27302
27349
27447
27625
27671
27708
27830
27884
27933
28098
28242
28294
28397
28437
28526
28553
28610
28632
28667
28979
29726
29752
30718
30972
31080
31109
31132
31174
31184
31218
31255
31315
31366
31382
31766
32410
32455
32510
32537
32555
32576
35
85
122
150
182
304
406
652
684
748
836
878
902
956
1024
1074
1145
1258
1272
1321
1365
1433
1531
1568
1670
1735
1802
1869
1948
1974
1998
2060
2237
2251
2296
2512
2544
2663
2767
2870
2959
2986
3076
3084
3108
3128
3162
3262
3306
3438
3451
3673
3691
3722
3742
3756
3781
3830
3901
3935
4256
4347
4455
4620
4653
4680
4707
4848
4876
4901
4991
5002
5087
5112
5162
5174
5258
5428
5473
5650
5678
5780
5948
6011
6066
6075
6160
6198
6311
6341
6434
6498
6632
6717
6988
7061
7446
7506
7573
7604
7647
7661
7665
7696
7743
8048
8204
8276
8311
8338
8356
8728
8829
9013
9193
9424
9433
9498
9553
9609
9628
9646
9701
9722
9766
9859
9902
9932
10020
10068
10210
10241
10261
10379
10984
11156
11295
11367
11457
11511
11533
11562
11782
11809
11895
11904
11955
12280
12402
12405
12481
12485
12556
12599
12702
12746
12752
12795
12811
12890
12916
12935
12973
12986
13052
13131
13143
13207
13252
13309
13569
13804
13843
13939
13999
14028
14079
14150
14187
14336
14409
14516
14643
14656
14726
14801
14850
14886
14954
15016
15134
15241
15273
15504
15775
15857
16147
16231
16299
16323
16393
16434
16479
16489
16663
16734
16742
16912
16935
16951
16993
17053
17119
17136
17211
17234
17457
17588
17772
17814
17884
17953
17985
18119
18346
18409
18630
19015
22049
22363
24627
24879
24947
24973
25045
25092
25121
25322
25515
25530
25629
25766
25780
26117
27031
27308
27328
27394
27426
27507
27622
27637
27643
27674
27706
27757
27828
27831
27871
27923
27941
27998
28103
28221
28293
28298
28405
28435
28441
28524
28548
28560
28629
28655
28873
29307
29695
29732
29741
29754
30584
30900
31060
31126
31135
31195
31242
31299
31313
31320
31371
31376
31391
31480
31856
32409
32419
32465
32545
32565
32573
32590
36
83
105
113
140
163
311
373
422
647
655
672
717
766
892
913
943
965
995
1067
1073
1111
1360
1403
1429
1499
1539
1676
1754
1801
1819
1913
1944
1961
2035
2098
2236
2269
2283
2303
2385
2570
2749
2858
2961
3017
3104
3175
3236
3282
3303
3309
3469
3773
3822
3863
3871
3913
3946
4189
4270
4318
4361
4432
4499
4581
4627
4638
4673
4689
4709
4803
4861
4884
4927
5164
5241
5464
5637
5673
5772
5964
5980
6023
6129
6394
6484
6575
6659
6771
6994
7046
7264
7432
7473
7535
7552
7602
7676
7740
7922
8063
8189
8209
8275
8302
8349
8420
8524
8753
8821
8904
8993
9054
9154
9243
9394
9475
9541
9575
9668
9719
9748
9781
9828
9868
9894
9904
9924
9997
10145
10205
10214
10230
10257
10308
10336
10402
10829
11061
11093
11246
11294
11302
11344
11379
11439
11459
11534
11568
11764
11794
11804
11811
11885
11908
11941
12202
12259
12338
12436
12459
12535
12572
12647
12738
12756
12804
12856
12961
12987
13129
13144
13291
13306
13357
13512
13755
13789
13865
13904
13961
13984
14023
14060
14085
14138
14153
14172
14199
14329
14344
14497
14565
14619
14644
14702
14840
14874
14951
14973
15040
15203
15247
15259
15399
15539
15636
15784
15808
16034
16223
16268
16289
16305
16327
16372
16396
16410
16484
16495
16558
16668
16976
16992
17111
17341
17468
17538
17722
17811
17853
17881
17889
17947
17957
18079
18085
18197
18388
18575
18642
18734
20446
21848
22092
22336
22441
23452
24725
24913
24938
25061
25108
25232
25319
25432
25496
25527
25580
25598
25653
25688
25769
25796
26029
26230
26959
27076
27339
27377
27421
27442
27485
27508
27659
27673
27692
27727
27774
27849
27916
27937
27944
27962
28058
28099
28185
28228
28290
28348
28444
28546
28627
28642
28703
28895
29305
29472
29676
29717
29751
29763
30177
30606
30819
30946
31188
31244
31269
31300
31397
31455
31750
31832
31952
32367
32431
32508
32548
32581
108
157
368
402
414
573
595
667
725
829
933
950
961
980
1018
1046
1099
1116
1400
1409
1495
1538
1724
1917
1923
1956
2015
2093
2134
2202
2287
2327
2353
2400
2568
2587
2690
2750
2849
3087
3107
3173
3224
3256
3298
3462
3472
3816
3888
3971
4115
4230
4257
4305
4341
4358
4367
4418
4433
4494
4501
4530
4615
4624
4628
4636
4671
4674
4681
4695
4724
4793
4822
4852
4865
4918
4937
5251
5604
5644
5774
5961
6001
6026
6122
6146
6385
6421
6457
6539
6629
6639
6671
6728
6832
7033
7051
7221
7300
7497
7528
7547
7569
7586
7865
7961
8050
8137
8161
8231
8299
8355
8404
8441
8484
8664
8740
8784
8815
8824
8891
8909
8916
8997
9019
9104
9171
9202
9249
9280
9420
9474
9565
9726
9769
9796
9823
9830
9878
9923
10014
10081
10191
10260
10298
10320
10328
10351
10390
10474
10711
10953
11049
11072
11087
11097
11196
11274
11341
11356
11378
11380
11395
11445
11488
11536
11566
11593
11691
11767
11791
11830
11945
12034
12243
12324
12344
12581
12609
12800
12840
13158
13283
13342
13482
13518
13669
13776
13926
13945
14070
14121
14168
14188
14216
14343
14371
14496
14514
14546
14603
14632
14705
14826
14865
14969
14975
15030
15152
15215
15244
15257
15272
15377
15406
15531
15577
15629
15737
15787
15793
15809
15916
16081
16199
16271
16275
16292
16303
16325
16362
16380
16399
16433
16511
16602
16671
17107
17115
17317
17342
17467
17492
17518
17570
17700
17730
17783
17841
17872
17899
17929
18022
18098
18151
18313
18402
18434
18585
18648
18708
18763
19274
21189
21450
21897
22064
22168
22358
22376
22821
22907
24262
24635
24817
24884
25063
25100
25111
25188
25314
25418
25571
25583
25600
25672
25686
25753
25786
25961
26111
26210
26396
26967
27047
27158
27369
27384
27443
27474
27499
27649
27666
27700
27713
27741
27797
27942
27946
28056
28097
28147
28202
28225
28232
28343
28371
28618
28699
28730
28878
28927
29126
29418
29500
29674
29798
30527
30585
30617
30757
30831
30929
30954
31262
31403
31445
31473
31662
31751
31768
31849
31890
31989
32497
32585
158
409
420
501
643
742
823
964
1043
1082
1115
1379
1726
1914
1999
2034
2355
2397
2492
2551
2575
2622
2722
2762
2804
3164
3299
3813
3898
3965
4103
4156
4196
4242
4301
4337
4398
4412
4454
4519
4575
4607
4633
4661
4676
4698
4741
4799
4816
4825
4853
4943
6000
6032
6120
6153
6413
6429
6456
6461
6537
6557
6602
6658
6672
6731
6808
6928
7118
7228
7270
7304
7483
7503
7531
7562
7572
7775
7876
7927
8022
8055
8084
8155
8182
8261
8293
8301
8352
8398
8449
8512
8588
8672
8776
8786
8819
8835
8903
8928
9011
9016
9033
9093
9116
9160
9184
9229
9246
9265
9298
9414
9458
9777
9788
9817
10008
10077
10111
10159
10263
10323
10329
10337
10377
10393
10406
10681
10729
10875
10957
11031
11070
11120
11161
11206
11254
11284
11352
11428
11565
11569
11599
11618
11721
11860
11963
12135
12230
12288
12349
12617
12855
13160
13274
13324
13349
13468
13495
13515
13561
13618
13754
13766
13787
13913
13937
14209
14223
14487
14519
14550
14598
14622
14836
14964
15032
15165
15227
15375
15390
15486
15527
15537
15552
15602
15687
15837
15860
15938
16076
16117
16151
16222
16277
16588
16637
16684
17095
17320
17371
17479
17544
17584
17665
17719
17749
17847
17861
17915
17945
18021
18042
18111
18122
18155
18291
18318
18432
18550
18580
18618
18649
18701
18729
18753
18789
19175
20380
20582
21223
21355
21509
21866
21910
22063
22065
22142
22201
22431
22598
22832
22894
23064
23963
24293
24628
24690
24787
24845
24893
25105
25110
25119
25126
25211
25266
25346
25540
25702
25755
25783
25833
26013
26071
26114
26204
26226
26346
26687
26964
26985
27053
27125
27206
27357
27375
27451
27478
27657
27669
27724
27943
28013
28127
28160
28188
28206
28231
28331
28344
28723
28764
28876
28888
28924
28968
29080
29156
29356
29462
29499
29589
29648
29783
29979
30265
30539
30587
30608
30693
30740
30800
30871
30904
30935
30964
31629
31723
31760
31771
31866
31897
31968
32230
32470
32584
32588
436
564
634
811
2379
2386
2425
2496
2557
2571
2601
2710
2727
2789
2831
4137
4163
4213
4246
4294
4321
4441
4512
4523
4571
4578
4595
4611
4792
4801
4827
6042
6109
6150
6397
6416
6427
6543
6570
6583
6604
6684
6766
6795
6831
6838
6952
7077
7139
7261
7267
7290
7301
7351
7502
7772
7838
7909
7946
8016
8031
8080
8098
8175
8251
8358
8399
8481
8487
8519
8546
8593
8705
8770
8874
8926
8984
9080
9109
9118
9156
9166
9175
9232
9281
9352
9404
9472
10109
10130
10183
10322
10330
10370
10397
10431
10500
10686
10726
10754
10845
10901
10958
10985
11062
11155
11195
11202
11214
11248
11270
11403
11575
11711
11739
11961
12021
12102
12169
12203
12231
12619
13261
13326
13443
13480
13489
13562
13611
13666
13703
13777
13934
14222
14485
14542
14595
15187
15239
15310
15398
15447
15493
15525
15529
15542
15558
15599
15646
15821
15851
15905
15922
16009
16101
16129
16214
16281
16559
16598
16606
16650
17327
17361
17381
17632
17676
17710
17746
17757
17842
18060
18142
18154
18177
18268
18299
18426
18464
18570
18587
18626
18678
18706
18713
18733
18778
18829
19044
19180
19529
20404
20447
20781
21211
21265
21357
21472
21822
21859
21883
21899
22018
22081
22128
22153
22172
22284
22417
22511
22778
22823
22861
22920
23307
23598
23992
24280
24603
24629
24681
24719
24778
24815
24890
24907
25101
25106
25123
25174
25215
25344
25367
25532
25570
25698
25703
25829
25872
26007
26062
26072
26127
26206
26219
26302
26382
26588
26700
26979
26990
27103
27157
27175
27227
27363
27667
27723
28026
28146
28315
28750
28787
28890
28929
28976
28982
29113
29154
29159
29326
29414
29459
29468
29489
29509
29597
29635
29658
29937
30089
30208
30346
30552
30590
30618
30743
30765
30839
30892
30901
30917
30933
31622
31639
31714
31755
31780
31880
31930
31974
32054
32313
32472
427
456
506
566
801
817
2375
2411
2479
2494
2556
2566
2735
2823
4151
4157
4291
4522
4533
4606
4744
6102
6404
6555
6563
6601
6609
6677
6697
6760
6767
6778
6879
6947
7094
7135
7201
7269
7284
7293
7323
7392
7763
7781
7891
7943
7960
8009
8367
8462
8493
8517
8521
8566
8626
8690
8726
8763
8841
9115
9120
9182
9310
9384
10088
10115
10137
10375
10428
10459
10478
10522
10684
10715
10749
10756
10887
10902
10982
10989
11165
11222
11420
11577
11734
12020
12086
12113
12140
12172
13409
13444
13588
13614
13642
13674
13749
13779
14470
14522
14593
15186
15191
15303
15347
15433
15453
15585
15639
15649
15822
15875
15920
15928
15968
16029
16219
16587
16627
16642
17442
17664
17707
17753
18055
18061
18123
18150
18168
18192
18266
18289
18306
18441
18470
18567
18594
18620
18699
18787
18811
18890
19036
19137
19245
19327
20338
20389
20410
20545
20735
20868
21201
21219
21238
21296
21367
21468
21483
21668
21830
21881
21942
22040
22066
22110
22129
22185
22249
22302
22400
22464
22546
22614
22801
22834
22869
23016
23142
23385
23529
23743
23979
24084
24268
24372
24617
24657
24682
24692
24776
24786
24805
24816
24892
25133
25178
25231
25382
25547
25816
25865
25941
25980
26040
26100
26136
26249
26312
26376
26395
26544
26607
26933
26969
26987
27026
27089
27115
27137
27159
27177
27225
27230
27365
28021
28045
28316
28742
28754
28765
28793
28947
29002
29108
29137
29278
29319
29357
29458
29470
29491
29507
29529
29614
29663
29912
29976
30001
30095
30187
30216
30314
30519
30540
30647
30750
30761
30796
30837
30880
30894
30932
31489
31636
31657
31689
31867
31882
31928
31949
32021
32146
32282
32321
32493
559
804
2422
2437
2481
4538
4771
6398
6567
6605
6773
6923
6940
7136
7179
7217
7275
7312
7372
7407
7757
7886
7900
7935
7978
8511
8550
8577
8600
8632
8686
8699
10086
10138
10472
10496
10584
10714
10721
10748
10784
10877
10946
10994
11179
11220
11227
12018
12085
12095
12108
12119
12157
12170
13388
13435
13570
13598
13639
13649
13712
14451
15171
15286
15304
15346
15368
15425
15578
15650
16001
16018
17434
18143
18178
18235
18474
18559
18616
18680
18700
18786
18798
18825
18871
18941
19035
19109
19156
19209
19247
19289
19338
19992
20362
20428
20467
20561
20694
20737
20836
20926
21205
21288
21310
21384
21494
21585
21688
21847
21912
21972
22109
22177
22219
22256
22293
22409
22510
22529
22575
22607
22777
22816
22854
22864
22872
22999
23027
23068
23152
23373
23433
23494
23530
23713
23764
23967
23983
24078
24122
24263
24278
24360
24589
24608
24650
24671
24686
24758
24781
24790
24814
25149
25381
25405
25568
25844
25922
25943
25963
25988
26031
26058
26075
26107
26144
26250
26370
26378
26401
26552
26597
26613
26712
26939
27079
27112
27118
27134
27148
27171
27231
28763
28818
28934
29033
29083
29135
29149
29174
29288
29309
29398
29503
29511
29530
29887
29918
29944
29983
30023
30104
30179
30194
30230
30289
30326
30484
30551
30665
30783
31481
31565
31913
31933
32009
32049
32062
32147
32254
32285
32319
32343
32482
519
2414
2432
2462
4568
4762
6772
6897
6943
7162
7194
7202
7307
7356
7414
7745
8501
8570
8581
8594
8608
8662
10583
10590
10761
10790
10884
11228
11970
12050
12094
12125
12150
12161
13399
13429
13723
14453
15174
15327
15367
15407
15666
15998
17397
18188
18205
18504
18555
18602
18795
18817
18858
18881
18913
18978
19075
19113
19193
19228
19271
19275
19321
19462
19576
20247
20346
20373
20418
20441
20470
20551
20638
20721
20738
20833
20858
20872
21020
21280
21302
21317
21388
21506
21581
21586
21807
21838
21939
21954
22012
22106
22202
22238
22300
22482
22524
22566
22626
22970
23010
23053
23134
23145
23301
23371
23378
23387
23445
23471
23503
23568
23605
23717
23750
23861
23987
24008
24085
24249
24265
24338
24367
24566
24598
24610
24638
24660
24743
24804
25371
25409
25560
25838
25854
25899
25934
25956
25966
26053
26142
26194
26275
26355
26371
26520
26548
26561
26667
26710
26891
26943
27143
27162
28804
28855
28946
29029
29067
29147
29165
29240
29284
29377
29504
29562
29817
29908
29928
30008
30030
30096
30153
30185
30190
30228
30239
30288
30327
30441
30500
30654
30684
30777
30786
31507
31604
31944
32053
32103
32160
32291
32314
32320
32336
518
523
2430
2470
4767
6916
7198
8596
8612
10550
10585
10609
10762
10797
10880
11229
11988
12163
13393
13419
15670
18191
18201
18528
18793
18834
18917
18952
19002
19058
19090
19110
19190
19214
19250
19276
19436
19502
19562
19918
20111
20330
20411
20424
20432
20445
20527
20637
20639
20719
20727
20744
20808
20846
20866
20869
20873
20978
21091
21273
21282
21307
21417
21501
21548
21644
21727
21808
21938
21965
22009
22103
22108
22234
22470
22502
22512
22552
22572
22625
22721
22926
22977
23006
23014
23176
23324
23455
23497
23532
23654
23721
23756
23765
23939
23990
23993
24036
24099
24247
24264
24319
24368
24375
24579
24751
25551
25885
26041
26162
26432
26546
26585
26656
26794
26897
28794
28838
29013
29208
29397
29554
29816
29874
29921
29932
30022
30048
30103
30156
30184
30237
30254
30270
30422
30454
30513
30780
31510
32073
32139
32162
32312
32317
10549
10572
10597
10623
10783
12005
18848
18928
18951
18955
18992
19012
19045
19059
19076
19093
19185
19266
19400
19458
19489
19526
19539
19573
19767
19921
20026
20128
20303
20333
20434
20489
20540
20604
20684
20731
20754
20822
20840
20913
20962
20979
21041
21112
21306
21395
21433
21519
21549
21608
21723
21795
21816
21928
21966
21983
22105
22224
22490
22518
22621
22657
22736
23007
23170
23201
23318
23368
23460
23631
23699
23858
23870
23947
24020
24057
24091
24104
24210
24305
24320
24526
26151
26180
26426
26433
26547
26655
26752
26829
26907
28842
29009
29199
29226
29555
29852
30009
30234
30375
30429
30472
30504
31508
31562
32072
32098
32116
32206
32303
10538
10570
10573
10594
10621
10630
11997
18932
18954
18968
19086
19101
19396
19429
19482
19504
19538
19548
19567
19619
19863
19936
20018
20071
20113
20231
20283
20317
20334
20620
20651
20829
20935
20973
20986
21038
21053
21103
21179
21423
21535
21569
21602
21698
21733
21799
21813
22639
22678
22759
23173
23275
23314
23321
23337
23613
23653
23688
23701
23779
23869
23925
23953
24049
24069
24086
24097
24105
24196
24243
24306
24402
24540
26182
26493
26718
26781
26819
26834
26928
29182
29834
30369
30400
31549
32081
32107
32131
32195
32220
10567
10664
18960
19368
19547
19554
19591
19730
19809
19908
19981
20000
20025
20047
20110
20120
20141
20262
20286
20305
20619
20667
20937
20967
20976
21030
21040
21075
21098
21176
21180
21544
21566
21695
21718
21750
22635
22654
22659
23258
23327
23351
23623
23709
23776
23808
23913
23926
23951
23961
24067
24087
24173
24311
24377
24439
26477
26505
26747
26826
26851
26923
26931
29841
31547
32088
32121
10558
10657
10679
19612
19681
19764
19797
19818
19870
19916
19980
19983
20017
20030
20052
20084
20137
20185
20311
20669
20953
21035
21064
21078
21096
21099
21119
23266
23782
23818
23910
23932
24126
24182
24437
24502
26471
26482
26739
26841
26918
26924
10632
19593
19689
19753
19768
19814
19850
19865
19877
19913
19952
20048
20090
20138
20176
20215
20315
20672
21068
21118
21161
23806
23809
23847
24411
24440
24510
26444
19604
19702
19747
19756
19772
19832
19851
19873
19880
19914
19954
20140
20207
21171
23788
23843
24485
24516
19600
19605
19705
19783
19837
19893
24456
24488
24523
19598
19704
19835
19889
19897
24478
19884
24466
