-20000
20149
3294
26050
384
17125
22000
27610
312
1051
8649
17281
20897
25366
26174
29862
257
317
989
2937
3400
11596
17246
17673
20852
21871
22399
26032
26083
27185
29574
31892
117
299
327
947
1005
1168
3078
3339
5372
10601
13844
17192
17278
17304
18747
20570
20872
21583
21982
22241
24440
25808
26049
26076
26133
26463
27256
28799
29611
31382
31903
95
123
271
304
320
368
431
957
990
1028
1054
2853
3005
3244
3323
3342
3980
6481
9221
10746
12016
15842
17183
17200
17250
17280
17295
17351
18251
19501
20472
20653
20854
20890
21383
21764
21963
21999
22114
22277
23135
24853
25456
25939
26048
26063
26081
26108
26136
26389
26676
27194
27494
27670
29028
29610
29742
30404
31857
31895
32447
42
104
163
259
278
308
318
326
358
374
414
926
951
967
1026
1030
1100
1902
2897
2959
3018
3212
3273
3317
3341
3381
3463
4234
6140
7061
9012
10580
10607
11401
11943
13522
14078
16654
17148
17245
17252
17291
17299
17309
17590
18090
18544
18888
20018
20208
20524
20606
20709
20863
20876
21062
21479
21763
21834
21941
21978
22107
22157
22269
22379
22764
23827
24669
25170
25396
25513
25872
25943
26066
26082
26098
26129
26134
26156
26337
26430
26513
26678
27246
27286
27512
27622
28261
28831
29314
29598
29724
29844
29900
30487
31653
31866
32019
32588
14
82
106
151
189
267
277
282
337
361
376
387
423
602
944
954
971
1017
1027
1048
1093
1147
1537
2037
2895
2909
2968
3017
3032
3098
3222
3253
3276
3304
3370
3399
3440
3893
4199
4983
5822
6384
6883
8290
8844
9214
9532
10595
10606
10698
11338
11487
11617
11969
13091
13814
14011
14147
16016
16797
17133
17151
17227
17286
17305
17342
17548
17657
17729
18096
18265
18671
18786
19180
19546
20064
20182
20355
20489
20536
20571
20633
20702
20732
20865
20949
21202
21452
21574
21626
21797
21854
21932
21960
21968
21980
22074
22108
22155
22188
22266
22365
22385
22616
22983
23264
23896
24533
24819
24912
25191
25389
25413
25481
25635
25838
25921
25941
26021
26086
26107
26112
26131
26149
26164
26242
26345
26406
26434
26466
26569
26677
27104
27211
27247
27278
27417
27505
27539
27615
27652
27708
28772
28813
29000
29129
29396
29593
29607
29670
29738
29789
29861
29890
30007
30483
31337
31475
31847
31862
31875
31962
32368
32478
32766
7
21
74
91
115
136
184
240
291
334
355
398
549
689
929
968
981
1021
1079
1094
1125
1152
1323
1801
2030
2072
2854
2898
2931
2962
2998
3012
3019
3053
3097
3118
3224
3254
3369
3371
3383
3401
3754
3939
4130
4230
4498
5118
5663
5825
6356
6429
6672
6903
7680
8336
8771
8848
9187
9217
9431
10060
10584
10598
10654
10703
11019
11358
11431
11593
11599
11772
11956
11993
12514
13138
13794
13817
13916
14016
14124
14617
15924
16320
16788
16858
17147
17164
17208
17231
17285
17308
17340
17347
17504
17589
17605
17663
17719
17957
18093
18131
18264
18483
18586
18746
18772
18811
19101
19282
19534
19888
20021
20082
20179
20193
20316
20357
20479
20522
20526
20538
20594
20629
20646
20661
20728
20848
20943
21041
21134
21341
21428
21471
21572
21576
21602
21655
21766
21833
21851
21862
21893
21934
21944
21967
21970
22072
22092
22112
22147
22183
22199
22243
22293
22373
22382
22394
22508
22647
22824
23026
23156
23734
23873
23948
24496
24580
24781
24824
24854
24969
25173
25360
25384
25395
25401
25442
25459
25483
25530
25672
25823
25856
25918
25927
26009
26030
26085
26165
26212
26251
26344
26374
26393
26420
26462
26465
26496
26514
26610
26883
27150
27201
27228
27268
27283
27370
27454
27496
27511
27514
27556
27625
27666
27694
27959
28438
28797
28810
28818
28963
29006
29049
29166
29355
29471
29597
29601
29618
29689
29729
29750
29826
29853
29881
29893
29941
30091
30429
30762
31338
31428
31509
31715
31852
31882
31956
31968
32250
32436
32462
32488
32658
16
66
79
87
109
139
167
214
253
292
351
402
544
560
615
723
933
975
1065
1108
1148
1159
1275
1470
1772
1886
2024
2031
2068
2360
2866
2906
2925
2960
2963
2982
2999
3013
3020
3048
3069
3083
3205
3230
3366
3392
3421
3513
3860
3899
3957
4083
4155
4218
4402
4527
5111
5149
5585
5690
6125
6183
6371
6398
6446
6656
6867
6902
7003
7064
7764
8325
8493
8722
8794
9011
9037
9192
9219
9336
9460
9823
10098
10588
10616
10697
10700
10712
10914
11139
11339
11362
11413
11432
11549
11615
11667
11841
11971
12014
12490
12685
13119
13485
13722
13796
13840
13849
13956
14034
14119
14130
14571
15274
15905
15994
16299
16416
16676
16791
16838
16900
17217
17230
17238
17339
17346
17468
17524
17584
17592
17647
17716
17721
17932
17993
18115
18213
18282
18511
18566
18588
18672
18760
18779
18790
18816
19085
19149
19181
19374
19527
19539
19801
19974
20039
20072
20111
20163
20192
20197
20267
20318
20421
20498
20534
20564
20580
20628
20647
20659
20684
20723
20739
20904
20966
21052
21128
21167
21310
21343
21455
21475
21557
21575
21582
21595
21625
21639
21729
21788
21829
21879
21902
21965
21972
22008
22077
22099
22129
22178
22198
22201
22286
22310
22368
22378
22467
22601
22619
22662
22778
22882
22990
23121
23145
23209
23401
23800
23870
23881
23903
24413
24470
24513
24536
24658
24743
24784
24822
24838
24884
24940
25135
25330
25361
25375
25406
25428
25458
25470
25504
25520
25545
25636
25711
25821
25835
25840
25910
25919
25922
25933
25972
26018
26028
26186
26239
26248
26302
26356
26388
26412
26436
26487
26508
26535
26578
26627
26865
26914
27116
27174
27225
27239
27284
27369
27396
27439
27464
27516
27547
27586
27650
27678
27696
27815
28098
28397
28534
28793
28803
28815
28821
28884
28987
29018
29048
29068
29150
29239
29342
29390
29428
29564
29617
29650
29746
29752
29810
29834
29846
29872
29885
29939
29990
30058
30335
30416
30461
30515
31182
31347
31403
31444
31493
31575
31662
31723
31850
31885
31911
31967
32018
32167
32320
32426
32442
32454
32476
32482
32559
32597
32694
48
76
164
182
198
231
241
349
440
580
613
663
709
891
943
1106
1115
1253
1316
1359
1503
1598
1774
1847
1896
1990
2055
2095
2835
2884
2915
2983
3038
3070
3089
3141
3207
3239
3435
3481
3523
3765
3884
3894
3914
3956
3979
4022
4125
4147
4162
4208
4221
4298
4428
4526
4608
5013
5112
5125
5151
5400
5590
5666
5728
5998
6134
6169
6265
6369
6392
6410
6444
6477
6509
6665
6717
6880
6895
6915
7004
7427
7702
7984
8319
8331
8353
8519
8710
8759
8785
8840
8882
9020
9127
9191
9202
9297
9359
9458
9477
9568
9895
10085
10455
10592
10619
10690
10721
10873
10984
11093
11169
11342
11397
11409
11425
11435
11520
11583
11629
11766
11785
11927
11988
12005
12048
12491
12673
12775
13117
13120
13483
13508
13596
13751
13800
13826
13904
13947
13964
14027
14060
14100
14120
14143
14374
14613
14665
15497
15876
15957
15995
16219
16314
16334
16486
16659
16733
16808
16842
16886
17094
17321
17394
17490
17519
17533
17555
17602
17633
17655
17702
17803
17955
17974
18078
18098
18117
18166
18224
18267
18334
18507
18520
18545
18664
18706
18755
18761
18800
18813
18881
18893
19095
19129
19152
19193
19287
19460
19525
19571
19834
19973
20014
20033
20061
20069
20078
20110
20134
20158
20175
20187
20211
20302
20344
20395
20424
20493
20520
20533
20547
20583
20624
20667
20687
20722
20724
20738
20816
20906
20953
21033
21049
21057
21083
21129
21186
21292
21312
21356
21454
21462
21511
21570
21586
21600
21646
21704
21750
21778
21813
21876
21898
21912
22003
22059
22088
22093
22106
22159
22233
22279
22289
22309
22361
22421
22504
22583
22603
22636
22653
22727
22776
22815
22860
22900
22988
23006
23103
23126
23150
23171
23221
23345
23727
23780
23825
23856
23888
23900
23914
23957
24434
24453
24485
24498
24518
24542
24591
24663
24715
24764
24821
24827
24877
24887
24922
24958
25036
25163
25256
25349
25367
25427
25476
25498
25540
25556
25662
25677
25724
25814
25843
25889
25920
26008
26017
26182
26202
26223
26245
26296
26312
26478
26489
26505
26512
26529
26564
26604
26618
26654
26748
26868
26891
26932
27125
27167
27221
27238
27330
27384
27416
27434
27445
27475
27517
27560
27604
27687
27695
27699
27811
27943
28080
28123
28271
28412
28503
28685
28786
28795
28816
28824
28855
28949
28979
28996
29008
29021
29037
29052
29105
29149
29159
29230
29296
29321
29388
29403
29439
29506
29573
29615
29628
29655
29779
29804
29819
29903
29974
29996
30043
30080
30196
30360
30419
30454
30466
30489
30622
30834
31264
31366
31383
31411
31442
31461
31481
31506
31517
31642
31658
31664
31720
31830
31849
31883
31890
31909
31915
32016
32164
32246
32268
32329
32421
32430
32453
32455
32492
32574
32639
32659
32748
222
232
249
434
540
588
609
655
679
691
720
863
894
1121
1216
1274
1315
1331
1439
1487
1518
1551
1650
1778
1826
1856
1894
1913
1995
2045
2084
2202
2535
2851
2876
3035
3043
3129
3188
3208
3424
3478
3503
3519
3633
3764
3778
3875
3915
3965
3988
4029
4101
4128
4141
4151
4161
4166
4200
4212
4220
4265
4309
4406
4472
4514
4532
4971
5008
5110
5114
5121
5130
5162
5399
5433
5656
5689
5717
5753
5867
6007
6152
6182
6213
6282
6368
6387
6394
6406
6415
6441
6468
6482
6563
6664
6669
6708
6743
6893
6901
6957
7030
7186
7470
7681
7707
7939
8276
8300
8321
8347
8487
8502
8520
8706
8711
8740
8760
8784
8793
8813
8858
8986
9017
9026
9046
9176
9189
9274
9307
9340
9391
9472
9496
9566
9763
9825
9965
10066
10096
10179
10485
10594
10617
10626
10672
10696
10727
10750
10878
10927
11005
11062
11131
11150
11187
11363
11434
11463
11494
11527
11625
11664
11694
11777
11789
11920
11935
11987
11994
12036
12401
12505
12542
12744
13046
13101
13279
13498
13519
13558
13613
13724
13772
13798
13813
13819
13874
13941
13954
13999
14029
14084
14135
14178
14429
14581
14623
14916
15469
15656
15874
15891
15952
15979
15998
16066
16240
16305
16330
16412
16469
16542
16661
16681
16743
16799
16819
16840
16849
16884
16891
17081
17099
17322
17367
17446
17481
17493
17505
17521
17529
17541
17554
17568
17594
17609
17637
17656
17685
17712
17773
17908
17945
17959
18035
18083
18097
18107
18118
18158
18168
18281
18305
18476
18485
18510
18529
18556
18647
18683
18740
18771
18798
18808
18854
18885
18932
19126
19168
19188
19208
19288
19390
19474
19511
19526
19555
19621
19818
19840
19905
19996
20017
20026
20052
20090
20112
20145
20152
20251
20299
20307
20327
20370
20414
20468
20612
20673
20700
20718
20810
20843
20934
20954
21022
21039
21042
21056
21058
21097
21184
21195
21241
21297
21335
21351
21374
21458
21486
21538
21587
21597
21653
21692
21721
21739
21753
21775
21781
21810
21824
21904
21920
22001
22039
22066
22171
22223
22308
22345
22400
22449
22554
22597
22609
22635
22645
22661
22684
22757
22805
22816
22853
22869
22885
22963
22998
23012
23071
23114
23124
23188
23218
23239
23320
23382
23465
23731
23777
23807
23838
23865
23902
23912
23931
24397
24433
24439
24443
24468
24475
24494
24511
24524
24577
24589
24634
24707
24723
24758
24778
24856
24882
24898
24916
24931
24944
24959
25001
25065
25144
25165
25224
25300
25346
25350
25600
25651
25694
25718
25769
25809
25874
25893
25974
26181
26196
26206
26218
26232
26295
26298
26307
26313
26480
26552
26565
26598
26612
26643
26666
26701
26750
26888
26898
26917
27065
27121
27130
27156
27173
27217
27328
27349
27387
27398
27426
27438
27453
27580
27688
27792
27814
27846
27956
28054
28085
28110
28160
28264
28366
28402
28420
28451
28518
28563
28726
28780
28827
28843
28872
28888
28955
28965
29019
29026
29033
29067
29084
29118
29131
29160
29192
29254
29339
29379
29389
29425
29466
29485
29523
29624
29637
29760
29798
29812
29936
29960
29992
30001
30037
30051
30067
30083
30111
30230
30358
30364
30445
30505
30591
30758
30821
31116
31230
31269
31350
31381
31409
31415
31429
31455
31463
31484
31537
31601
31647
31689
31764
31839
31932
31992
32120
32166
32202
32266
32319
32364
32408
32425
32433
32547
32570
32583
32629
32640
32672
32696
32749
238
243
435
525
543
584
618
661
674
707
710
858
883
906
1181
1223
1254
1278
1336
1427
1441
1482
1497
1516
1536
1546
1582
1600
1769
1789
1806
1833
1852
1883
1905
1976
1992
2011
2046
2081
2091
2199
2272
2492
2604
3041
3124
3137
3187
3201
3465
3501
3508
3515
3585
3751
3759
3769
3835
3867
3877
3971
3984
4014
4024
4049
4088
4115
4131
4195
4217
4257
4280
4304
4396
4405
4411
4445
4492
4528
4597
4620
4979
4997
5009
5054
5116
5138
5154
5213
5375
5410
5545
5605
5685
5691
5729
5808
5857
5974
6003
6045
6147
6153
6200
6250
6268
6297
6366
6419
6452
6473
6487
6552
6648
6702
6712
6734
6801
6939
6958
7017
7059
7079
7373
7432
7588
7684
7706
7734
7803
7981
8079
8283
8314
8337
8422
8490
8496
8577
8675
8721
8763
8828
8856
8861
8964
8998
9025
9038
9117
9159
9177
9254
9285
9318
9356
9361
9408
9475
9488
9530
9533
9722
9793
9865
9939
10042
10071
10163
10235
10473
10535
10624
10645
10662
10681
10691
10748
10851
10888
10916
10932
11007
11046
11072
11105
11132
11147
11186
11192
11387
11462
11472
11496
11521
11659
11665
11678
11764
11800
11865
11925
11933
11936
12044
12174
12453
12525
12666
12722
12766
13041
13056
13100
13112
13261
13463
13497
13503
13518
13520
13528
13592
13609
13630
13732
13779
13870
13889
13933
13985
14005
14087
14153
14235
14390
14570
14591
14619
14626
14717
15067
15409
15475
15608
15729
15860
15882
15947
15969
15990
16014
16047
16179
16235
16252
16310
16397
16430
16473
16512
16572
16664
16714
16769
16801
16817
16866
16889
16901
17092
17103
17360
17399
17470
17486
17492
17494
17561
17575
17636
17638
17696
17708
17772
17797
17840
17910
17933
17965
18013
18065
18088
18164
18172
18272
18292
18309
18369
18481
18524
18537
18614
18659
18693
18729
18768
18809
18826
18869
18920
19019
19117
19160
19174
19191
19195
19275
19352
19423
19493
19510
19547
19569
19581
19665
19832
19887
19900
19932
19994
20006
20029
20045
20084
20099
20115
20225
20260
20296
20364
20372
20409
20418
20450
20689
20792
20815
20832
20913
20979
21029
21038
21048
21059
21088
21099
21181
21223
21251
21293
21316
21352
21480
21499
21536
21673
21693
21727
21767
22002
22013
22056
22162
22321
22350
22420
22431
22462
22547
22579
22595
22604
22611
22631
22639
22663
22690
22752
22762
22803
22810
22839
22859
22862
22876
22953
22979
23010
23019
23055
23099
23111
23120
23175
23214
23227
23241
23315
23336
23374
23388
23454
23667
23735
23803
23811
23940
24340
24401
24432
24462
24478
24526
24573
24612
24650
24690
24718
24737
24752
24871
24890
24907
24942
24970
25015
25049
25081
25141
25149
25202
25228
25288
25306
25562
25630
25646
25660
25680
25701
25715
25722
25762
25796
25880
25891
25908
25998
26203
26217
26228
26238
26271
26322
26549
26586
26628
26645
26673
26687
26732
26786
26906
26923
26989
27070
27123
27147
27161
27306
27334
27362
27386
27388
27412
27754
27797
27838
27919
28052
28067
28108
28112
28144
28255
28263
28295
28380
28411
28425
28490
28507
28550
28629
28706
28750
28846
28861
28881
28946
28951
28971
29027
29083
29099
29110
29170
29226
29279
29324
29368
29454
29469
29484
29503
29508
29560
29644
29914
30004
30012
30050
30054
30076
30090
30097
30142
30199
30272
30343
30363
30395
30449
30542
30615
30680
30782
30830
30849
31162
31202
31234
31307
31358
31413
31427
31450
31529
31538
31589
31635
31686
31702
31737
31786
31838
31846
31940
31980
32004
32048
32156
32187
32228
32263
32285
32334
32405
32418
32493
32556
32572
32601
32690
32727
32757
481
535
645
662
702
730
860
871
889
904
921
1176
1213
1229
1259
1280
1347
1419
1431
1452
1478
1488
1514
1535
1544
1566
1595
1631
1719
1813
1846
1862
1903
1927
1982
1991
1994
2009
2083
2169
2233
2342
2373
2530
2601
2707
3134
3139
3149
3469
3509
3537
3595
3656
3753
3775
3781
3842
3873
3880
3974
3986
3997
4016
4048
4080
4120
4179
4239
4261
4289
4325
4427
4432
4447
4496
4565
4614
4873
4987
5003
5020
5106
5147
5196
5296
5397
5424
5499
5579
5591
5608
5693
5784
5821
5836
5884
5994
6023
6080
6157
6196
6212
6217
6257
6290
6303
6363
6416
6459
6547
6557
6638
6654
6685
6724
6736
6761
6865
6922
6940
6985
7021
7046
7067
7176
7271
7404
7465
7496
7647
7687
7721
7745
7798
7874
7947
8015
8126
8397
8454
8545
8621
8651
8700
8762
8768
8837
8855
8865
8893
8985
8993
9007
9052
9126
9152
9166
9252
9259
9295
9325
9362
9398
9415
9491
9518
9536
9637
9758
9790
9809
9834
9881
9899
9943
10035
10078
10153
10177
10191
10365
10468
10484
10516
10576
10628
10667
10749
10787
10872
10883
10893
10925
10929
10968
11006
11039
11101
11137
11219
11450
11655
11660
11690
11734
11827
11860
11869
11941
12046
12162
12299
12448
12482
12518
12624
12687
12727
12754
12813
13053
13062
13114
13211
13272
13431
13466
13509
13527
13542
13612
13619
13708
13791
13861
13886
13925
13968
13991
14166
14191
14268
14389
14428
14496
14588
14605
14655
14711
14862
14987
15143
15329
15438
15476
15543
15623
15670
15833
15949
15970
16022
16052
16132
16188
16222
16241
16284
16344
16407
16424
16468
16470
16476
16493
16526
16553
16574
16668
16710
16755
16771
16811
17019
17087
17353
17398
17445
17473
17645
17731
17784
17823
17873
17916
17995
18014
18051
18073
18161
18183
18280
18285
18295
18326
18335
18430
18478
18540
18602
18630
18651
18714
18845
18907
18930
18970
19041
19271
19332
19354
19417
19426
19486
19567
19577
19604
19642
19788
19823
19846
19931
19969
19989
19999
20089
20108
20117
20215
20264
20293
20367
20378
20401
20411
20444
20744
20802
20830
20841
20933
20974
21017
21087
21098
21107
21226
21245
21288
21491
21521
21671
21686
22009
22023
22046
22334
22355
22404
22434
22453
22466
22539
22553
22568
22582
22672
22688
22724
22738
22832
22847
22913
22973
22980
23015
23022
23067
23080
23119
23182
23216
23222
23234
23262
23298
23328
23354
23385
23391
23448
23455
23591
23681
23742
23819
23946
24214
24365
24410
24420
24461
24566
24574
24607
24621
24642
24657
24682
24695
24893
24976
25004
25044
25063
25074
25113
25153
25198
25222
25252
25287
25296
25561
25575
25602
25720
25755
25763
25774
25803
25897
25982
26237
26293
26631
26646
26730
26744
26782
26861
26902
26919
26940
27061
27066
27101
27132
27320
27358
27391
27401
27748
27757
27793
27807
27826
27851
27932
28023
28074
28099
28127
28157
28233
28291
28302
28389
28489
28539
28559
28600
28651
28686
28714
28737
28762
28845
28871
28877
28891
28947
28954
29080
29087
29113
29205
29227
29256
29284
29331
29356
29376
29451
29553
29562
30003
30008
30047
30072
30094
30100
30114
30143
30207
30265
30327
30350
30370
30399
30451
30537
30563
30606
30618
30630
30737
30770
30800
30828
30843
30938
31121
31180
31184
31205
31233
31251
31298
31323
31523
31562
31594
31616
31636
31673
31699
31714
31732
31752
31772
31818
31845
31950
31981
32022
32090
32153
32168
32199
32213
32236
32258
32265
32271
32308
32356
32399
32414
32504
32598
32686
32718
32731
464
490
529
539
631
649
696
729
746
903
914
923
1201
1228
1236
1270
1337
1358
1390
1425
1428
1438
1449
1511
1561
1568
1587
1628
1640
1685
1726
1867
1921
1961
2004
2082
2165
2176
2212
2256
2329
2348
2366
2435
2509
2531
2582
2686
2767
3186
3578
3588
3617
3640
3743
3772
3826
3837
3855
4006
4020
4044
4060
4123
4173
4184
4292
4321
4390
4455
4557
4574
4610
4717
4953
5048
5055
5178
5202
5216
5357
5386
5412
5426
5477
5527
5577
5594
5610
5763
5795
5834
5845
5937
5989
6012
6035
6073
6112
6156
6163
6239
6320
6527
6612
6750
6793
6823
6926
6955
6963
6998
7026
7043
7072
7171
7232
7344
7395
7405
7455
7489
7512
7596
7660
7718
7736
7760
7767
7864
7935
7943
7979
8000
8027
8085
8274
8364
8421
8430
8470
8531
8548
8614
8630
8660
8679
8869
8884
8938
8988
9003
9010
9116
9247
9327
9367
9426
9502
9521
9537
9578
9710
9741
9783
9842
9876
9893
9897
9920
9955
9982
10038
10072
10129
10186
10209
10254
10402
10466
10475
10489
10523
10539
10578
10776
10791
10865
10917
10954
10983
11027
11104
11200
11233
11451
11638
11707
11742
11842
11888
12089
12165
12250
12394
12434
12452
12462
12515
12519
12606
12643
12709
12724
12731
12759
12780
12903
13049
13068
13186
13228
13314
13451
13523
13537
13665
13721
13987
13993
14160
14174
14181
14228
14261
14366
14383
14406
14461
14549
14610
14654
14700
14838
14876
14923
15049
15114
15227
15297
15400
15410
15450
15488
15504
15595
15612
15637
15666
15684
15744
15948
16021
16045
16063
16096
16170
16243
16262
16296
16338
16396
16462
16489
16506
16524
16529
16547
16598
16673
16689
16782
16968
17068
17089
17417
17765
17807
17837
17847
17904
17913
17924
18037
18054
18076
18159
18182
18212
18274
18289
18323
18329
18364
18422
18452
18604
18623
18648
18657
18726
18840
18852
18895
18910
18924
18951
18977
19022
19081
19259
19324
19347
19393
19424
19431
19566
19572
19578
19610
19622
19656
19752
19799
19827
19877
19927
19936
20106
20127
20274
20383
20777
20806
20820
20839
20918
20977
20998
21104
21120
21235
21274
21291
21517
21668
22323
22343
22432
22438
22520
22542
22550
22557
22664
22696
22950
23056
23176
23269
23308
23332
23350
23396
23413
23461
23541
23659
23670
23706
23741
23756
23818
23820
23947
24100
24335
24349
24381
24415
24423
24561
24600
24614
24632
24641
24689
24986
25055
25083
25119
25193
25220
25230
25277
25290
25557
25599
25613
25721
25754
25791
26651
26725
26745
26774
26820
26920
26934
26942
26990
27063
27069
27100
27134
27322
27354
27719
27753
27756
27789
27830
27917
27936
28014
28031
28165
28253
28282
28299
28331
28385
28484
28578
28643
28666
28691
28715
28749
28752
28769
28909
29086
29199
29222
29281
29360
29450
29537
29561
30092
30116
30176
30219
30240
30302
30535
30552
30568
30596
30607
30621
30641
30718
30755
30780
30806
30835
30909
31079
31119
31132
31178
31193
31228
31232
31240
31262
31297
31300
31317
31328
31519
31544
31568
31592
31630
31665
31683
31694
31745
31814
31822
32036
32087
32103
32151
32257
32262
32284
32302
32314
32336
32381
32496
32518
32706
32728
32733
459
473
485
513
534
619
636
653
695
724
735
800
1211
1246
1273
1343
1357
1375
1408
1426
1610
1632
1649
1684
1693
1725
1756
1919
1922
1949
1975
2001
2145
2166
2196
2204
2220
2252
2266
2300
2340
2345
2388
2451
2508
2527
2547
2584
2621
2697
2760
2802
3156
3540
3597
3648
3680
3810
3853
4018
4034
4046
4169
4313
4324
4328
4392
4453
4459
4566
4577
4611
4666
4823
4910
4964
5045
5064
5165
5184
5206
5261
5299
5365
5462
5486
5516
5535
5550
5618
5758
5772
5790
5804
5832
5835
5931
5969
5975
5993
6027
6072
6086
6114
6328
6516
6532
6601
6633
6752
6789
6831
6924
6933
6951
6962
6972
6987
7037
7151
7172
7198
7248
7302
7368
7376
7417
7439
7475
7490
7531
7635
7658
7664
7735
7742
7747
7783
7810
7865
7930
7938
7970
7988
8010
8025
8043
8084
8096
8170
8358
8374
8419
8432
8460
8478
8526
8533
8554
8602
8616
8641
8697
8885
8905
9078
9240
9249
9389
9429
9546
9627
9677
9717
9724
9747
9781
9847
9944
9959
9967
10033
10125
10184
10195
10222
10257
10367
10451
10502
10517
10526
10754
10781
10829
10853
10923
10933
10975
11204
11247
11456
11646
11718
11857
11875
12049
12126
12169
12204
12298
12375
12413
12447
12457
12562
12607
12632
12661
12706
12720
12723
12742
12779
12794
12878
13015
13051
13077
13140
13192
13212
13240
13306
13391
13453
13530
13539
13658
13688
14159
14169
14189
14205
14242
14264
14306
14400
14412
14445
14478
14517
14555
14627
14694
14703
14766
14851
14866
14905
14919
14984
15017
15057
15079
15131
15200
15233
15295
15315
15384
15401
15441
15508
15558
15607
15613
15633
15651
15662
15674
15727
15740
15777
16038
16055
16079
16120
16146
16244
16393
16495
16507
16528
16539
16583
16600
16774
16948
16976
17067
17070
17427
17747
17817
17825
17842
17869
17882
17905
17919
18058
18287
18338
18368
18403
18423
18443
18458
18620
18725
18839
18917
18923
18941
18966
18974
18988
19037
19053
19248
19314
19329
19396
19425
19442
19611
19632
19742
19755
19792
19874
19886
19935
19960
20129
20289
20760
20790
20983
21011
21102
21124
21273
22326
22533
22565
22719
22941
23273
23306
23422
23517
23559
23642
23661
23675
23700
23725
23749
24004
24110
24309
24338
24351
24370
24594
24613
24637
24981
24994
25082
25111
25134
25210
25229
25237
25264
25278
25589
25610
25628
25730
25781
26708
26794
26842
26978
27016
27062
27088
27713
27732
27781
27872
28002
28035
28223
28250
28275
28288
28298
28328
28340
28477
28571
28589
28649
28664
28683
28703
28741
28892
28945
29200
29215
29535
29552
30133
30149
30215
30225
30233
30261
30297
30312
30534
30576
30637
30645
30685
30720
30747
30774
30801
30813
30859
30919
30944
31099
31127
31145
31224
31237
31254
31263
31278
31333
31521
31563
31624
31674
31738
31751
31802
31823
32029
32062
32095
32128
32497
32528
32703
32714
32745
446
471
476
505
517
638
780
817
1208
1238
1247
1350
1382
1406
1416
1621
1633
1655
1711
1728
1923
1930
1974
2130
2155
2260
2288
2307
2331
2387
2404
2436
2462
2514
2581
2590
2659
2689
2699
2755
2775
2803
3159
3545
3596
3612
3643
3652
3660
3685
3802
3818
4039
4335
4588
4624
4680
4736
4846
4885
4942
4959
4968
5046
5084
5174
5179
5188
5237
5263
5298
5328
5369
5457
5474
5489
5508
5521
5558
5643
5831
5890
5932
6024
6028
6061
6326
6523
6531
6538
6597
6606
6637
6779
6851
6964
6978
7031
7119
7157
7195
7228
7238
7268
7293
7340
7351
7372
7377
7435
7447
7472
7487
7518
7569
7609
7640
7656
7737
7779
7785
7843
7906
7986
8032
8046
8091
8105
8129
8212
8477
8571
8596
8604
8912
9090
9236
9383
9538
9561
9611
9676
9700
9712
9739
9755
9950
9962
9973
10017
10105
10206
10210
10223
10318
10375
10436
10454
10803
10837
10862
10943
11209
11245
11309
11716
11722
12058
12098
12129
12181
12221
12288
12345
12383
12408
12429
12444
12550
12604
12610
12659
12702
12707
12718
12810
12822
12884
13011
13024
13181
13187
13208
13226
13234
13249
13291
13309
13361
13399
13531
13538
13541
13633
13660
13671
14213
14237
14248
14300
14359
14395
14403
14407
14433
14459
14476
14510
14541
14553
14695
14746
14823
14840
14859
14900
14921
14962
14986
15001
15030
15053
15059
15099
15118
15142
15154
15226
15231
15253
15314
15322
15333
15536
15553
15586
15640
15679
15707
15731
15745
15814
16101
16130
16150
16358
16532
16577
16589
16632
16917
16959
16970
17003
17054
17072
17435
17744
17814
17826
17881
17894
18359
18374
18404
18439
18462
18838
18950
18954
18973
18990
19029
19047
19072
19219
19290
19321
19326
19331
19400
19634
19710
19747
19763
20285
20768
21015
21252
22331
22525
22534
22936
22949
23421
23442
23494
23521
23544
23581
23594
23656
23685
23707
23752
23997
24082
24108
24204
24234
24323
24640
24985
24987
25091
25123
25203
25231
25581
25623
25726
25750
25777
25782
26703
26712
26791
26802
26822
26850
26967
27008
27047
27075
27726
27735
27854
27878
27990
28034
28222
28236
28273
28315
28342
28574
28587
28595
28665
28679
28745
28917
29540
30118
30134
30146
30172
30290
30308
30322
30525
30577
30635
30660
30709
30751
30775
30802
30889
30928
30942
31033
31097
31101
31155
31797
31810
32061
32068
32098
32127
32526
32531
32737
455
776
794
816
834
1249
1351
1386
1391
1411
1654
1682
1710
1751
2119
2135
2146
2265
2286
2295
2321
2382
2392
2431
2437
2458
2482
2511
2524
2572
2627
2680
2688
2703
2744
2759
2800
2822
3549
3645
3649
3653
3671
3699
3784
3803
3815
4356
4626
4672
4707
4720
4776
4830
4862
4907
4917
4949
5076
5096
5225
5255
5314
5352
5443
5465
5475
5490
5562
5910
6055
6070
6525
6543
6573
6784
6969
7097
7125
7194
7204
7243
7267
7294
7325
7356
7370
7384
7445
7516
7523
7564
7570
7603
7611
7637
7770
7797
7820
7847
7893
7909
8037
8127
8151
8201
8251
8562
8574
8586
8910
9114
9372
9545
9590
9617
9665
9689
9702
9716
9732
9756
9952
10007
10023
10099
10233
10275
10330
10371
10383
10405
10446
10799
10821
10830
10938
11236
11294
11318
12055
12073
12119
12140
12199
12214
12244
12266
12343
12346
12385
12402
12417
12441
12446
12545
12560
12579
12609
12697
12806
12821
12860
12934
13014
13017
13033
13141
13184
13199
13244
13250
13300
13348
13373
13398
13421
13675
14209
14222
14250
14288
14301
14348
14442
14451
14472
14518
14544
14744
14763
14802
14834
14839
14854
14861
14881
14904
14933
15011
15026
15044
15051
15054
15066
15085
15124
15137
15152
15180
15242
15255
15310
15368
15512
15545
15572
15713
15739
15764
15787
16098
16110
16125
16391
16591
16613
16642
16919
16954
16960
16969
16972
16991
17010
17035
17062
17071
17080
17815
17886
18379
18943
18972
18999
19036
19221
19412
19688
19719
19745
20766
21264
22920
23471
23495
23539
23564
23633
23645
23753
23993
24003
24081
24093
24102
24114
24209
24220
24258
24320
24330
24991
25109
25742
25752
25778
25787
26722
26800
26809
26840
26964
27025
27052
27072
27876
27880
27991
28180
28365
28575
28598
28669
28742
28939
30139
30163
30175
30310
30584
30650
30676
30696
30874
30936
30967
31060
31091
31150
31811
32050
32067
32076
32521
32530
770
777
785
804
823
835
1667
1736
1753
2099
2279
2298
2325
2393
2442
2452
2571
2649
2704
2718
2783
2815
3571
3698
3700
3793
3804
4348
4362
4634
4692
4709
4735
4747
4791
4826
4833
4853
4887
4935
4948
5077
5085
5900
5912
6589
7080
7102
7140
7214
7245
7251
7317
7380
7390
7513
7532
7567
7583
7625
7831
7851
7901
8140
8155
8199
8208
8235
8265
8557
8585
9092
9587
9605
9648
9668
9685
9694
9729
9736
9986
10009
10258
10292
10328
10339
10386
10418
10438
10447
11267
11316
11331
12054
12084
12107
12158
12230
12253
12280
12304
12350
12403
12428
12443
12543
12568
12587
12701
12799
12832
12861
12922
12986
13032
13036
13164
13337
13349
13365
13396
13417
13428
14282
14297
14336
14440
14745
14785
14803
14946
15097
15169
15192
15235
15247
15259
15311
15363
15380
15547
15559
15584
15766
15782
15804
16112
16128
16604
16624
16931
16950
16963
17009
17012
17030
17038
17055
17066
17891
18375
18386
18997
19011
19227
19407
19684
19693
19716
19739
23467
23490
23499
23534
23641
23964
24052
24125
24213
24245
24297
24312
24321
25731
26799
26818
27050
27915
28174
28213
28343
28944
30136
30161
30580
30687
30860
30934
30949
31016
31039
31064
32523
762
814
851
1677
1746
2102
2553
2634
2735
2778
2785
3553
3736
3789
3801
4649
4694
4715
4723
4742
4758
4779
4818
4860
4936
5899
5901
5919
6577
6595
7089
7101
7146
7255
7514
7550
7577
7840
8166
8188
8200
8220
8250
8254
8270
9606
9654
9673
9688
10016
10289
10316
10326
10334
10412
10431
10443
11261
11289
11323
12078
12234
12301
12336
12369
12599
12828
12859
12877
12924
12963
13005
13320
13343
13410
14344
14435
14798
14942
14952
15160
15172
15187
15194
15257
15266
15341
15366
15567
15778
15800
15806
16616
16947
17039
18382
18396
19682
19685
19707
23483
24032
24063
24124
24192
24277
24308
27883
28209
28215
30158
31006
31020
31036
31058
32525
752
812
1669
1681
2792
3708
4646
4657
4746
4782
5902
7515
7571
7580
7834
8227
8253
8256
10013
10288
10319
10434
12322
12339
12358
12827
12843
12866
12948
12972
12999
13008
13341
13402
14799
14945
15198
15335
15361
15562
15571
17041
18400
19701
24054
24073
24163
24201
24278
24306
28214
28219
30979
31037
31040
8223
8232
10276
10322
10432
12324
12340
12359
12823
12954
12970
15339
17050
24132
24164
24195
30970
30988
31046
8234
10278
12961
24131
24149
24179
24129
24140
24161
