-20000
19349
3117
30438
792
7949
20632
31664
520
1640
7608
13645
19835
23392
30750
31764
273
570
1515
2314
4099
7782
9284
18347
19608
20193
22238
29399
30615
31006
31676
32020
165
385
529
580
1251
1621
2137
2611
3329
6867
7633
7811
8270
12540
16132
18708
19532
19675
19937
20518
20936
23224
23927
30193
30443
30626
30758
31149
31674
31742
31880
32573
53
266
368
399
522
533
676
1025
1300
1594
1626
1943
2292
2545
2831
3282
4025
5128
7087
7629
7674
7795
7817
7982
8852
12215
12553
15709
17888
18588
18802
19409
19586
19630
19717
19887
20041
20246
20558
20802
21517
22676
23279
23697
26264
29932
30435
30479
30620
30719
30751
30846
31127
31653
31667
31675
31731
31752
31772
32005
32497
32585
22
59
253
366
373
388
452
524
553
629
702
978
1191
1281
1326
1551
1603
1627
1744
2028
2238
2305
2316
2547
2780
2865
3147
3301
3676
4028
4108
6465
6981
7543
7627
7631
7656
7704
7798
7946
7962
8026
8685
8977
9421
12281
12544
12756
15013
15828
17829
18299
18468
18606
18769
19023
19378
19445
19578
19604
19629
19650
19683
19770
19857
19896
20035
20155
20229
20264
20537
20602
20706
20850
21484
21990
22629
22821
23264
23355
23482
23791
25753
27617
29889
29967
30392
30461
30505
30696
30721
30841
30999
31085
31129
31307
31662
31672
31715
31740
31747
31765
31860
31972
32019
32212
32559
32579
32749
16
47
75
248
258
300
367
379
391
447
460
549
569
596
673
698
704
915
1014
1106
1250
1256
1323
1391
1547
1571
1598
1610
1672
1898
1981
2116
2156
2248
2307
2420
2576
2733
2803
2848
2954
3142
3160
3294
3313
3430
3825
4080
4106
4517
6422
6550
6892
7009
7159
7587
7653
7676
7723
7917
7950
7963
8015
8046
8375
8797
8874
9006
9391
10749
12273
12466
12550
12654
13119
14848
15335
15750
16079
17558
17846
18204
18343
18449
18534
18602
18675
18726
18787
18958
19100
19371
19402
19417
19468
19563
19628
19641
19658
19678
19732
19823
19854
19876
19888
19923
19984
20054
20174
20205
20255
20314
20524
20554
20574
20603
20698
20721
20829
20905
21449
21487
21609
22138
22507
22660
22771
22883
23238
23278
23352
23370
23479
23559
23769
23875
25314
25847
27338
28165
29761
29901
29951
30151
30258
30398
30453
30470
30483
30570
30694
30711
30838
30842
30856
31003
31018
31116
31284
31426
31697
31719
31750
31842
31864
31890
31989
32011
32057
32418
32535
32566
32681
32766
15
142
212
256
282
344
375
394
415
459
511
557
585
619
635
685
775
869
936
994
1033
1141
1213
1255
1263
1301
1370
1429
1528
1556
1584
1671
1704
1890
1932
1947
2001
2112
2117
2145
2182
2242
2251
2309
2324
2542
2573
2596
2714
2739
2788
2825
2837
2883
3049
3145
3208
3298
3392
3654
3784
3947
4078
4094
4103
4179
4875
6220
6429
6528
6817
6869
6951
7006
7029
7139
7317
7554
7590
7638
7677
7719
7765
7906
7944
7985
8017
8141
8326
8489
8695
8832
8856
8903
8981
9049
9330
9413
9862
11474
12228
12279
12455
12530
12579
12735
13023
13529
14275
14955
15208
15625
15715
15762
15873
16126
17343
17677
17844
17867
18118
18236
18329
18422
18457
18505
18563
18645
18678
18709
18759
18771
18798
18914
18979
19059
19259
19364
19377
19394
19413
19465
19481
19559
19619
19644
19664
19676
19680
19727
19804
19832
19839
19864
19878
19936
19948
20005
20063
20166
20186
20200
20308
20431
20520
20552
20556
20565
20599
20616
20658
20708
20747
20815
20830
20885
20920
21357
21452
21507
21539
21929
22114
22215
22272
22594
22655
22667
22693
22813
22872
23048
23347
23363
23371
23395
23483
23577
23759
23771
23861
23906
24738
25530
25809
25993
27099
27451
27751
28364
29660
29832
29894
29906
29962
30092
30156
30206
30269
30412
30455
30482
30486
30523
30602
30644
30709
30795
30886
31007
31031
31089
31123
31254
31302
31360
31635
31686
31708
31717
31815
31962
31987
32001
32008
32032
32070
32381
32452
32504
32549
32650
32735
86
150
187
244
281
291
329
352
432
455
486
513
621
659
762
782
847
890
930
938
991
995
1036
1108
1188
1208
1227
1279
1313
1359
1372
1407
1450
1529
1568
1659
1685
1723
1854
1911
1942
1945
1977
1997
2039
2120
2141
2146
2174
2194
2278
2320
2406
2520
2581
2683
2715
2761
2783
2802
2823
2935
3018
3080
3190
3258
3359
3422
3605
3665
3713
3791
3880
3991
4054
4083
4095
4140
4426
4607
4999
5866
6266
6427
6445
6502
6542
6816
6861
6891
6950
6954
6996
7016
7050
7112
7149
7185
7482
7551
7559
7645
7712
7740
7878
7920
8004
8020
8072
8235
8324
8340
8416
8646
8735
8808
8837
8878
8934
8979
9021
9108
9319
9353
9392
9418
9640
10018
10765
11984
12236
12400
12457
12503
12573
12622
12722
12937
13036
13517
13565
13961
14321
14858
15011
15197
15215
15440
15634
15711
15760
15774
15834
15908
16109
17210
17464
17629
17690
17845
17909
18201
18225
18238
18323
18416
18437
18501
18514
18555
18575
18640
18649
18698
18718
18779
18873
18917
18978
19015
19055
19060
19101
19322
19458
19480
19528
19661
19773
19811
19843
19861
19869
19885
19933
19956
20002
20011
20133
20176
20189
20271
20337
20503
20555
20596
20617
20649
20687
20734
20792
20813
20820
20842
20871
20892
20928
21164
21404
21451
21470
21509
21526
21548
21714
21988
22079
22121
22142
22217
22246
22297
22525
22607
22687
22731
22798
22862
22876
23022
23142
23332
23435
23551
23563
23681
23745
23765
23780
23792
23862
23879
23925
23980
25079
25383
25645
25756
25842
25930
26137
26763
27223
27349
27598
27633
27951
28183
28383
29457
29698
29800
29869
29927
29959
30028
30126
30183
30199
30302
30406
30427
30457
30480
30500
30508
30562
30669
30771
30819
30876
30994
31059
31108
31124
31191
31275
31289
31359
31425
31619
31652
31685
31696
31705
31808
31823
31949
31975
32027
32035
32060
32111
32250
32393
32434
32491
32521
32548
32551
32599
32683
32739
101
164
181
200
295
328
330
364
469
492
640
660
738
764
789
834
859
888
898
963
980
996
1048
1138
1175
1211
1242
1266
1317
1354
1376
1419
1446
1471
1681
1703
1722
1737
1795
1882
1909
1924
1974
1980
2032
2072
2139
2165
2178
2184
2207
2264
2289
2318
2392
2477
2539
2670
2712
2728
2776
2787
2818
2907
2940
2986
3023
3098
3183
3201
3225
3279
3344
3364
3416
3425
3431
3641
3658
3669
3708
3781
3802
3866
3893
3985
4011
4064
4129
4167
4281
4470
4556
4643
4913
5074
5857
5906
6260
6305
6455
6471
6503
6548
6751
6829
6906
6956
7048
7071
7090
7130
7140
7163
7269
7363
7500
7574
7752
7827
7940
7994
8055
8107
8167
8240
8291
8353
8376
8455
8645
8666
8730
8787
8807
8809
8835
8846
8906
8937
9014
9036
9082
9157
9285
9338
9376
9443
9650
9917
10612
10753
11031
11477
12047
12272
12311
12446
12478
12508
12566
12605
12651
12689
12734
12855
12960
13073
13443
13531
13593
13665
14001
14293
14363
14853
14889
14959
15012
15137
15209
15334
15354
15557
15705
15759
15761
15767
15808
15829
15846
15889
16020
16085
16125
16225
17212
17365
17500
17588
17646
17687
17716
17904
17942
18144
18216
18228
18271
18303
18360
18436
18440
18479
18513
18521
18551
18565
18622
18641
18655
18680
18701
18715
18783
18862
18876
18922
18986
19037
19072
19197
19309
19326
19526
19772
19795
19813
19881
19959
19998
20029
20069
20139
20179
20191
20304
20327
20429
20491
20512
20588
20682
20729
20756
20865
20922
20929
21091
21180
21360
21419
21453
21481
21520
21529
21547
21580
21702
21730
21981
21989
22053
22083
22122
22141
22174
22227
22277
22410
22542
22605
22684
22722
22750
22784
22806
22853
22878
22949
23039
23064
23192
23310
23334
23412
23475
23526
23567
23663
23738
23747
23783
23826
23863
23877
23882
23919
23955
24550
25063
25213
25347
25524
25569
25745
25802
25820
25844
25896
25978
26118
26148
26489
27017
27158
27298
27348
27412
27549
27616
27618
27674
27753
27976
28173
28340
28369
28470
29411
29472
29685
29715
29789
29801
29842
29882
29924
29989
30090
30125
30135
30164
30192
30295
30316
30495
30526
30645
30672
30763
30784
30817
30829
30878
30936
30998
31056
31082
31092
31179
31210
31259
31325
31375
31532
31629
31644
31681
31694
31796
31835
31921
31951
31974
31981
32030
32076
32181
32228
32363
32406
32422
32512
32530
32545
32618
32712
111
182
196
325
337
358
467
479
488
496
720
756
771
818
843
863
881
912
942
990
1041
1085
1122
1150
1267
1331
1355
1439
1449
1452
1511
1701
1729
1769
1823
1899
1920
1927
1965
1979
2053
2092
2205
2237
2268
2288
2349
2401
2431
2518
2536
2643
2732
2772
2896
2912
2939
2946
2963
2994
3019
3027
3101
3172
3277
3280
3336
3345
3365
3523
3630
3642
3656
3660
3677
3718
3819
3832
3874
3897
3984
4055
4127
4135
4161
4173
4268
4365
4469
4508
4531
4605
4642
4660
4877
4919
5050
5089
5219
5864
5877
6139
6233
6264
6299
6314
6456
6489
6523
6730
6769
6831
6896
6933
7125
7144
7183
7224
7270
7322
7417
7487
7509
7748
7929
7987
8002
8054
8089
8131
8146
8234
8263
8288
8302
8348
8358
8410
8419
8470
8603
8659
8679
8711
8733
8751
8795
8816
8848
8919
8965
9067
9090
9138
9261
9334
9368
9427
9484
9689
9907
9955
10483
10647
10772
11071
11475
11949
12005
12085
12267
12297
12338
12414
12476
12488
12527
12557
12601
12610
12644
12653
12658
12702
12839
12879
12939
12998
13049
13082
13279
13491
13563
13591
13607
13657
13893
13969
14203
14292
14319
14347
14547
14854
14888
14912
14975
15088
15160
15242
15351
15432
15500
15568
15685
15757
15769
15800
15812
15843
15866
15883
15904
15967
16035
16187
16591
17322
17355
17397
17495
17557
17562
17590
17640
17669
17679
17688
17715
17768
17908
17934
18094
18124
18190
18223
18265
18296
18350
18367
18434
18444
18472
18519
18543
18612
18630
18660
18826
18868
18902
18955
19034
19053
19069
19097
19155
19202
19264
19316
19341
19498
19969
20023
20066
20098
20339
20432
20499
20509
20582
20680
20724
20750
20759
21030
21092
21168
21249
21384
21422
21459
21531
21571
21599
21617
21712
21720
21887
21939
21983
22012
22065
22106
22169
22282
22355
22434
22595
22744
22770
22776
22795
22838
22857
22928
22979
23024
23110
23181
23222
23290
23311
23414
23461
23491
23545
23588
23669
23708
23823
23848
23929
23975
24158
24736
24939
25072
25117
25236
25334
25367
25470
25528
25537
25642
25649
25747
25771
25824
25857
25904
25956
25982
26091
26136
26144
26198
26347
26556
26879
27044
27116
27220
27275
27306
27340
27356
27446
27486
27555
27611
27621
27643
27694
27752
27895
27972
28080
28187
28343
28373
28446
28697
29435
29502
29675
29713
29748
29782
29803
29855
29873
29886
29968
30008
30036
30117
30146
30285
30298
30306
30340
30490
30529
30652
30681
30789
30801
30833
30908
30984
31048
31080
31097
31150
31189
31197
31236
31265
31309
31336
31365
31401
31430
31615
31623
31789
31800
32106
32161
32192
32246
32257
32371
32394
32415
32524
32603
135
308
464
474
490
494
497
730
753
759
767
793
821
839
879
886
900
940
951
1037
1152
1275
1353
1447
1470
1491
1688
1726
1758
1806
1849
1900
1930
1949
2081
2096
2328
2403
2469
2514
2519
2528
2650
2769
2887
2905
2958
2970
2987
3047
3269
3278
3341
3349
3371
3473
3537
3780
3810
3861
3879
3911
3969
4110
4128
4156
4170
4228
4275
4288
4413
4429
4502
4526
4540
4563
4638
4659
4708
4901
4918
4990
5034
5056
5102
5173
5401
5903
5943
6172
6235
6271
6353
6714
6731
6760
6806
6849
6918
6949
7178
7195
7243
7316
7351
7379
7459
7485
7491
7502
7513
7930
8148
8189
8315
8404
8442
8461
8473
8550
8605
8720
8731
8744
8753
8817
8927
8958
9059
9095
9130
9149
9207
9275
9367
9449
9625
9654
9860
9893
9939
9991
10477
10553
10618
10685
10769
10960
11062
11211
11724
11983
11986
12046
12062
12175
12321
12341
12433
12613
12625
12787
12859
12881
12957
12965
13008
13053
13115
13165
13314
13488
13516
13583
13638
13648
13752
13928
13967
13980
14077
14262
14294
14327
14358
14538
14767
14883
14899
14920
14968
14991
15084
15101
15182
15217
15282
15396
15435
15452
15524
15565
15610
15640
15697
15861
15870
15961
16014
16033
16071
16179
16198
16374
16718
17248
17329
17376
17452
17474
17496
17550
17585
17589
17592
17667
17735
17816
17927
17953
18095
18122
18129
18175
18200
18282
18383
18611
18614
18666
18803
18840
18884
18905
18925
19054
19076
19102
19192
19199
19220
19261
19276
19317
19485
19506
19962
20073
20105
20387
20456
20661
20727
20751
20757
20777
20998
21057
21117
21179
21221
21323
21379
21388
21425
21458
21469
21556
21579
21594
21602
21615
21642
21716
21723
21746
21923
21937
21976
21992
22030
22067
22093
22109
22153
22172
22292
22339
22395
22431
22473
22736
22761
22786
22835
22840
22923
22937
22975
23020
23089
23119
23161
23191
23206
23291
23328
23424
23469
23543
23585
23619
23664
23671
23700
23717
23802
23842
23857
23947
24096
24426
24695
24818
25057
25088
25167
25219
25245
25323
25346
25350
25378
25421
25516
25532
25550
25591
25668
25793
25849
25902
25911
25945
25962
25983
26083
26100
26126
26138
26146
26184
26257
26334
26467
26500
26591
26805
26974
27022
27055
27113
27128
27196
27246
27286
27344
27362
27455
27525
27573
27632
27683
27743
27755
27910
27966
28036
28087
28256
28377
28435
28670
29281
29428
29447
29493
29574
29667
29676
29705
29732
29756
29816
29851
29983
30035
30066
30098
30270
30305
30387
30691
30903
30915
30972
31049
31107
31162
31181
31214
31253
31274
31319
31366
31385
31403
31427
31503
31564
31617
32098
32131
32177
32240
32254
32275
32402
32414
32617
126
1337
1462
1508
1837
1929
1950
2340
2459
2489
2662
2978
3346
3443
3511
3533
3579
3729
3938
3972
4117
4182
4260
4283
4303
4381
4421
4427
4478
4503
4525
4552
4599
4608
4656
4671
4739
4906
4984
4997
5027
5038
5158
5184
5381
5511
5935
6050
6142
6217
6318
6368
6678
6716
6738
6752
6848
6855
6919
6941
7202
7229
7261
7288
7328
7357
7365
7384
7456
7495
7506
7511
7532
8156
8180
8212
8422
8463
8471
8482
8525
8558
8621
8747
8764
9104
9126
9133
9144
9188
9244
9283
9444
9469
9615
9626
9682
9755
9881
9898
9922
9954
9976
10012
10432
10482
10551
10562
10646
10674
10696
10767
10888
10998
11063
11091
11252
11575
11748
11971
12038
12052
12071
12120
12187
12313
12340
12363
12611
12637
12781
12811
12857
12869
12930
12956
13112
13126
13242
13288
13424
13466
13503
13576
13629
13705
13847
13901
13947
13974
13983
14066
14197
14215
14266
14325
14330
14455
14542
14627
14823
14896
14921
14977
15051
15087
15091
15125
15162
15274
15306
15368
15397
15439
15476
15511
15531
15569
15665
15698
15938
15963
15971
16016
16029
16057
16163
16184
16346
16476
16674
17085
17233
17278
17342
17471
17475
17521
17556
17578
17619
17723
17753
17779
17823
17951
18054
18121
18169
18178
18408
18881
18895
19117
19161
19219
19229
19306
19516
20089
20349
20397
20474
20674
20779
20971
21020
21042
21079
21110
21137
21232
21280
21336
21369
21389
21454
21586
21597
21611
21662
21717
21724
21731
21797
21920
21928
21946
22009
22027
22043
22068
22098
22143
22303
22345
22365
22403
22436
22488
22886
22935
22938
22964
23010
23065
23144
23172
23190
23197
23210
23463
23579
23612
23654
23676
23720
23836
23858
23931
24061
24157
24285
24500
24644
24703
24750
24866
25055
25083
25101
25157
25168
25222
25250
25370
25400
25453
25487
25540
25566
25580
25636
25667
25701
25935
25953
25967
26015
26087
26098
26114
26127
26183
26187
26208
26258
26270
26341
26440
26471
26490
26520
26588
26663
26780
26831
26947
27013
27065
27121
27139
27175
27214
27241
27273
27280
27293
27358
27376
27461
27493
27548
27560
27578
27701
27754
27766
27907
27929
28018
28073
28103
28240
28301
28658
28696
29019
29292
29437
29481
29497
29557
29637
29681
29744
29755
29759
30063
30094
30109
30274
30364
30901
30955
30975
31174
31186
31232
31244
31373
31395
31409
31438
31527
31560
31579
32083
32121
32150
32282
113
133
1495
1510
1825
2335
2341
2439
2486
3448
3495
3570
3580
3743
3916
4195
4230
4285
4299
4324
4395
4417
4490
4518
4595
4622
4666
4687
4733
4849
4903
4970
4991
5019
5031
5153
5178
5189
5242
5393
5442
5856
5912
5938
5944
6079
6169
6181
6316
6327
6362
6402
6619
6700
6851
6860
6927
7201
7235
7246
7332
7371
7393
7499
8201
8433
8462
8524
8571
8746
8772
9109
9132
9134
9179
9197
9238
9246
9463
9481
9605
9635
9747
9850
9863
9884
9895
9900
9918
9961
9990
10164
10460
10479
10521
10559
10589
10631
10688
10747
10803
10956
10981
11008
11086
11093
11219
11333
11509
11602
11730
11942
11958
11977
12096
12136
12186
12190
12386
12778
12784
12790
12820
12858
12867
12916
13086
13159
13235
13275
13284
13292
13409
13460
13481
13498
13504
13619
13698
13742
13773
13866
13914
13929
13970
13977
14018
14075
14110
14210
14261
14323
14346
14419
14527
14543
14560
14675
14810
14834
14929
14979
15015
15077
15086
15110
15246
15294
15324
15367
15380
15470
15492
15601
15656
15677
15909
15977
16181
16304
16361
16398
16478
16625
16717
17084
17201
17239
17266
17303
17341
17490
17549
17575
17584
17725
17749
17777
17813
17821
17826
18001
18073
18181
19182
19207
19224
19286
19308
20341
20354
20394
20489
20662
20942
20978
21014
21028
21040
21054
21076
21098
21116
21124
21138
21270
21281
21328
21354
21371
21587
21684
21761
21871
21914
21962
21996
22105
22144
22314
22357
22372
22454
22481
22962
23006
23085
23201
23209
23217
23584
23617
23638
23661
23945
24010
24067
24146
24281
24322
24470
24504
24639
24671
24734
24743
24760
24835
24873
24965
25097
25128
25159
25187
25220
25266
25388
25444
25457
25486
25564
25582
25635
25637
25656
25686
25717
25933
25940
25966
26012
26042
26115
26177
26192
26215
26311
26340
26377
26458
26468
26483
26493
26517
26544
26572
26641
26750
26768
26822
26854
26895
26958
27010
27069
27140
27166
27190
27239
27245
27248
27283
27366
27406
27478
27506
27544
27585
27710
27765
27806
27896
27941
27994
28033
28064
28077
28102
28124
28227
28242
28290
28321
28656
28668
28687
28704
29168
29287
29308
29441
29495
29515
29572
29614
29656
30043
30106
30954
31233
31434
31445
31510
31531
31549
31569
32144
32304
2339
2455
3461
3503
3568
3737
3779
4191
4200
4247
4319
4353
4382
4489
4497
4598
4621
4682
4693
4791
4873
4923
4981
5011
5022
5135
5175
5181
5216
5288
5384
5419
5449
5696
5923
5939
6041
6051
6106
6171
6175
6183
6326
6338
6363
6383
6602
6664
6691
6928
7231
7260
7343
7388
7400
8428
8497
8563
8591
9116
9189
9205
9234
9480
9485
9608
9705
9818
9877
9890
10161
10197
10453
10461
10511
10538
10580
10604
10627
10635
10741
10782
10823
10898
10962
10989
11023
11075
11092
11150
11221
11274
11438
11504
11555
11580
11611
11732
11757
11961
12088
12113
12127
12159
12192
12371
12761
12822
12893
13139
13174
13271
13311
13327
13412
13450
13670
13733
13743
13763
13826
13862
13871
13902
13944
14012
14059
14196
14253
14344
14369
14425
14469
14529
14548
14608
14649
14722
14807
14817
14832
14840
14938
15047
15052
15079
15118
15256
15285
15381
15493
15588
15648
15919
15982
16278
16333
16352
16364
16394
16468
16589
16599
16644
16697
16755
17139
17202
17287
17483
17494
17569
17774
17989
18020
18078
18186
19302
20375
20475
20957
21025
21077
21263
21285
21332
21340
21754
21765
21864
21908
21917
21958
21964
22000
22147
22310
22367
22394
23207
23622
23655
24009
24040
24062
24087
24124
24151
24264
24295
24337
24430
24497
24533
24580
24641
24669
24686
24755
24806
24827
24842
24909
24952
25051
25145
25176
25195
25273
25394
25436
25557
25603
25684
25695
25710
25724
26003
26037
26057
26164
26193
26228
26302
26323
26373
26422
26442
26491
26506
26541
26587
26616
26642
26687
26757
26773
26820
26827
26834
26866
26880
26925
26987
27188
27233
27256
27502
27508
27533
27709
27714
27757
27791
27819
27939
28002
28042
28161
28217
28238
28292
28319
28337
28505
28667
28698
28871
29133
29193
29288
29328
29443
29636
29658
30042
31437
31439
31450
31504
31522
31528
31575
32341
3504
3539
3750
4240
4310
4336
4491
4689
4783
4801
4868
4967
5141
5214
5265
5349
5407
5444
5507
5683
5801
5979
6042
6054
6093
6132
6178
6182
6195
6578
6614
6655
6699
6929
7233
7389
8505
8559
9125
9601
9694
9711
9769
9820
9868
10059
10189
10298
10438
10456
10492
10524
10545
10626
10714
10746
10794
10818
10884
10950
10966
10995
11020
11077
11131
11178
11232
11267
11296
11417
11445
11492
11519
11557
11578
11600
11610
11700
11738
11749
11800
12137
12168
12830
12886
13127
13156
13173
13211
13270
13321
13355
13417
13447
13669
13671
13709
13739
13748
13761
13792
13833
13883
13904
14010
14015
14051
14113
14225
14334
14367
14388
14439
14515
14528
14531
14584
14621
14633
14658
14677
14730
14786
14950
15055
15117
15271
15389
15496
15599
15932
16259
16293
16331
16339
16351
16366
16466
16469
16485
16603
16640
16673
16713
16752
16785
17132
17195
17279
17488
17492
17770
17970
18010
18044
18083
18182
19294
20962
21315
21760
21766
21805
21916
22390
23208
24015
24056
24085
24090
24101
24128
24149
24152
24159
24280
24291
24306
24329
24371
24445
24489
24506
24543
24565
24587
24670
24678
24687
24754
24812
24860
24883
24932
24947
24954
24992
25144
25390
25601
25634
25689
25711
26000
26033
26077
26301
26305
26355
26375
26426
26514
26583
26601
26629
26654
26666
26716
26808
26842
26858
26892
26901
26927
26990
27178
27269
27519
27529
27707
27731
27777
27872
27936
28043
28134
28212
28219
28306
28491
28610
28665
28738
28958
29086
29188
29224
29323
29354
29630
31485
3772
4349
4688
4744
4787
4843
4924
5149
5248
5328
5405
5412
5443
5480
5552
5692
5757
5851
5967
6030
6043
6090
6096
6116
6204
6564
6599
6606
6627
6657
6696
7234
9567
9696
9738
9777
9833
10038
10100
10180
10193
10290
10354
10452
10504
10526
10539
10705
10739
10744
10801
10809
10871
10927
11013
11103
11146
11165
11210
11246
11265
11285
11299
11398
11424
11473
11514
11553
11569
11649
11740
11796
11854
12156
13132
13209
13220
13374
13414
13422
13732
13737
13775
13793
13834
14006
14191
14249
14410
14440
14491
14521
14582
14594
14613
14668
14711
14737
14795
15270
15591
16257
16275
16286
16294
16340
16373
16467
16482
16536
16631
16641
16646
16732
16763
16838
17125
17138
17141
18017
21313
21775
21857
24071
24108
24230
24265
24321
24344
24395
24451
24486
24513
24542
24552
24578
24593
24859
24881
24891
24925
25044
25604
26427
26507
26573
26585
26602
26648
26659
26679
26696
26744
26906
26937
27179
27515
27734
27834
27883
27937
28209
28215
28480
28593
28616
28662
28712
28791
28949
28979
29039
29125
29175
29190
29207
29260
29322
29324
29350
29366
29616
31454
31499
4775
5251
5299
5344
5469
5503
5541
5597
5752
5771
5816
5852
5957
5974
6021
6036
6085
6115
6561
6590
6601
6607
9491
9581
9723
9778
10028
10049
10060
10145
10171
10183
10192
10220
10292
10334
10423
10502
10831
10873
10914
11128
11185
11260
11283
11294
11309
11352
11404
11437
11451
11536
11618
11663
11745
11764
11801
11936
12144
13130
13135
13379
13719
13814
14148
14399
14441
14494
14573
14585
14665
14674
14721
14754
16230
16280
16288
16370
16501
16582
16639
16730
16746
16777
16798
16890
17102
17128
17185
18014
21838
21863
24192
24254
24270
24365
24381
24406
24611
24852
24885
24906
24930
25018
25622
26429
26510
26574
26614
26720
26914
27868
28192
28479
28488
28568
28601
28651
28708
28736
28767
28802
28933
28964
28980
29020
29051
29121
29171
29179
29199
29247
4753
5290
5314
5338
5464
5484
5543
5579
5653
5704
5755
5776
5814
5850
5946
5969
6005
6033
6040
9489
9532
9568
10045
10086
10115
10154
10187
10214
10230
10304
10339
10395
10827
10907
11123
11180
11275
11288
11295
11317
11345
11360
11449
11533
11619
11656
11686
11783
11844
11929
11939
12147
13385
14392
14407
14720
16255
16486
16508
16552
16586
16741
16766
16792
16823
16862
16994
17104
17145
18015
24191
24213
24234
24259
24345
24404
24418
24631
24846
24887
24927
25019
25621
26513
26606
27855
28515
28582
28603
28642
28756
28780
28831
28906
28947
28968
28987
29030
29045
29078
29114
29235
29248
5308
5326
5451
5482
5485
5571
5619
5712
5793
5818
5984
6018
9488
9493
9553
10076
10109
10124
10199
10221
10251
10305
10349
10415
11331
11335
11348
11353
11375
11664
11827
11851
11921
11935
13404
14398
14404
16243
16540
16561
16822
16832
16851
16974
17067
17124
17173
24175
24200
24419
24850
25033
25615
27846
28528
28585
28602
28634
28746
28759
28775
28853
28910
28994
5566
5575
5616
5637
5751
5794
5846
6002
9520
10104
10130
10242
10258
10397
10419
11340
11391
11682
11832
11875
16544
16553
16811
16914
17016
24190
24207
24424
25610
28533
28632
28641
28868
28929
28989
29017
5613
5633
5834
5847
9497
10107
10129
10136
10232
10255
10274
11342
11667
11882
16899
16956
17013
17022
24184
28546
28635
28913
28993
29016
9502
10139
10237
10252
10289
11903
16950
16961
28992
28995
10239
11890
16945
29012
16924
