-20000
32056
6931
32147
4054
13240
32083
32650
2416
6793
11428
16392
32077
32137
32546
32692
541
2620
6254
6799
7951
11757
13808
20997
32070
32098
32145
32249
32630
32655
32712
151
2083
2613
3137
4916
6291
6796
6838
7478
8161
11612
11973
13629
14483
20425
24630
32061
32075
32105
32143
32212
32543
32608
32632
32685
32693
32765
79
387
1494
2251
2565
2614
2790
3706
4881
6101
6271
6303
6820
6915
6949
7807
7961
11025
11530
11678
11963
12487
13420
13701
14330
15687
19943
20957
21551
28737
32124
32141
32184
32242
32535
32571
32613
32683
32686
32699
32743
56
109
216
526
1055
1726
2142
2304
2429
2590
2616
2745
2967
3477
3873
4703
4898
5507
6231
6256
6284
6294
6388
6808
6831
6882
6929
6932
7372
7787
7812
7959
8013
8952
11152
11473
11599
11650
11732
11836
12343
13131
13275
13536
13672
13786
14125
14376
15195
16212
16660
20163
20935
20996
21182
22558
26872
29867
32122
32129
32176
32185
32237
32246
32415
32538
32569
32580
32610
32627
32669
32706
32713
32752
35
77
87
138
179
329
497
539
920
1286
1671
1917
2115
2168
2300
2326
2467
2585
2596
2742
2785
2849
3067
3144
3668
3843
4037
4382
4732
4885
4914
5055
5957
6183
6240
6258
6277
6324
6490
6814
6826
6834
6878
6914
6948
7117
7391
7766
7800
7847
7956
7969
8127
8785
10693
11117
11237
11465
11513
11537
11625
11657
11697
11733
11767
11952
12169
12409
12512
13152
13274
13418
13464
13570
13632
13685
13782
13792
14062
14247
14361
14404
14571
15585
15808
16318
16643
16878
20037
20196
20819
20951
20967
21060
21296
22488
24255
25140
28539
29697
30245
32169
32195
32320
32474
32565
32603
32663
32729
7
38
92
135
142
159
212
233
381
442
498
756
1051
1226
1491
1578
1725
1787
2016
2106
2134
2157
2172
2263
2303
2316
2349
2444
2536
2633
2773
2825
2935
3020
3084
3250
3543
3682
3715
3846
3879
4048
4096
4508
4704
4796
4915
5024
5406
5748
6039
6103
6188
6247
6267
6337
6396
6575
6823
6845
6881
6909
6945
7083
7329
7375
7448
7653
7768
7790
7840
7857
7971
8060
8134
8342
8808
9876
10961
11055
11147
11190
11400
11445
11488
11524
11585
11620
11646
11664
11727
11756
11802
11919
11955
12062
12340
12385
12440
12504
13123
13139
13163
13248
13315
13451
13484
13564
13577
13636
13682
13692
13736
13793
13969
14119
14162
14313
14348
14387
14478
14515
14865
15495
15602
15723
16209
16285
16319
16432
16645
16809
17472
19950
20153
20188
20389
20547
20908
20940
20960
21016
21086
21263
21339
21924
22546
24037
24353
25107
26818
28311
28565
29031
29793
30230
30922
32153
32294
32370
32429
32503
32589
32715
24
91
105
117
172
214
226
280
338
430
476
521
607
815
965
1053
1095
1248
1322
1512
1670
1699
1766
1847
1959
2024
2100
2107
2131
2137
2146
2192
2260
2264
2308
2328
2377
2455
2491
2540
2715
2758
2776
2814
2842
2866
2942
2989
3022
3082
3104
3187
3360
3514
3648
3680
3685
3709
3837
3849
4013
4046
4052
4091
4377
4453
4620
4718
4789
4835
5022
5048
5387
5450
5619
5823
6018
6096
6102
6137
6221
6245
6253
6333
6358
6389
6437
6542
6678
6824
6864
6879
6894
6911
6960
7095
7301
7333
7385
7404
7464
7644
7705
7775
7788
7814
7909
8010
8057
8074
8133
8153
8257
8696
8798
8914
9193
10355
10802
11019
11042
11056
11118
11170
11210
11278
11413
11439
11447
11484
11494
11545
11616
11723
11782
11883
11942
11958
12006
12133
12233
12380
12388
12430
12442
12510
12623
13130
13148
13238
13242
13255
13284
13395
13435
13460
13504
13562
13575
13617
13633
13671
13702
13778
13891
13987
14091
14123
14138
14175
14278
14328
14385
14395
14474
14514
14544
14621
15164
15468
15584
15591
15658
15715
15801
16117
16262
16296
16326
16407
16613
16696
16846
17155
17887
19944
20021
20111
20187
20222
20418
20477
20723
20828
20918
20939
21008
21023
21080
21112
21241
21287
21299
21438
21674
22202
22495
23005
24109
24335
24606
24684
25108
25457
26839
28254
28404
28555
28694
28882
29525
29737
29860
30174
30241
30475
31106
32154
32278
32305
32369
32399
32421
32434
32502
32531
32581
99
218
243
310
332
357
436
470
482
501
594
645
757
836
927
992
1057
1118
1236
1276
1301
1447
1505
1568
1623
1691
1722
1761
1784
1827
1900
1926
1983
2017
2057
2145
2176
2222
2253
2306
2333
2357
2395
2462
2487
2512
2680
2740
2841
2894
2937
2951
2969
2999
3039
3086
3116
3149
3226
3284
3459
3488
3540
3626
3666
3683
3700
3713
3766
3840
3867
3958
4017
4049
4053
4075
4240
4378
4442
4490
4549
4668
4717
4728
4746
4791
4801
4844
4936
5047
5363
5402
5435
5483
5598
5716
5754
5852
5967
6020
6044
6134
6154
6204
6328
6363
6412
6453
6523
6553
6594
6744
6889
6906
6913
6953
6987
7087
7109
7250
7309
7360
7394
7419
7455
7471
7570
7675
7715
7786
7816
7900
7936
7998
8053
8108
8138
8154
8243
8295
8607
8711
8833
8922
9017
9388
9990
10387
10703
10818
10979
11028
11077
11126
11198
11232
11272
11357
11429
11449
11483
11495
11566
11774
11840
11898
11950
11974
12022
12072
12164
12175
12279
12378
12384
12399
12426
12486
12618
12922
13125
13206
13254
13290
13356
13405
13429
13499
13535
13544
13572
13576
13646
13724
13756
13832
13917
13986
14000
14078
14092
14158
14174
14186
14256
14281
14326
14400
14466
14509
14537
14546
14574
14825
14885
15177
15268
15494
15547
15595
15610
15679
15710
15717
15735
15804
15979
16147
16234
16269
16291
16324
16388
16431
16477
16621
16692
16769
16824
16847
17087
17396
17770
18227
19994
20028
20067
20134
20182
20200
20317
20411
20470
20523
20696
20755
20844
20911
20927
20937
21017
21057
21075
21091
21171
21228
21244
21267
21301
21434
21497
21663
21745
21935
22230
22514
22923
23099
24043
24141
24324
24337
24436
24622
24681
25084
25112
25293
25530
26825
26841
27187
28291
28337
28535
28554
28556
28670
28716
28822
29025
29249
29573
29726
29765
29810
30103
30203
30462
30479
30992
31456
32274
32286
32306
32352
32391
32412
32420
32432
32468
32482
32511
253
304
325
334
343
379
433
437
450
514
551
600
638
679
797
825
894
935
978
1012
1080
1106
1140
1232
1272
1280
1300
1311
1446
1476
1499
1526
1573
1615
1667
1673
1698
1718
1758
1764
1794
1837
1888
1910
1920
1943
1973
2004
2045
2174
2181
2217
2246
2329
2343
2356
2388
2415
2459
2485
2523
2638
2683
2730
2872
2909
2950
2997
3014
3038
3059
3108
3121
3146
3167
3208
3235
3253
3350
3377
3463
3485
3489
3516
3595
3643
3664
3687
3702
3710
3760
3791
3862
3872
3905
3984
4028
4058
4085
4125
4273
4379
4394
4443
4481
4505
4543
4557
4625
4669
4711
4729
4739
4755
4806
4857
4932
4941
5271
5385
5427
5445
5482
5503
5574
5608
5621
5731
5819
5830
5902
5963
5972
6031
6072
6112
6139
6171
6479
6514
6528
6558
6618
6687
6763
6957
6975
7038
7085
7104
7114
7184
7286
7345
7365
7393
7415
7456
7467
7498
7618
7659
7691
7859
7904
7929
7997
8008
8041
8105
8109
8152
8178
8254
8284
8327
8554
8614
8719
8812
8895
8917
8993
9083
9350
9698
9953
10154
10361
10473
10695
10744
10813
10909
10968
10998
11039
11065
11115
11197
11231
11234
11252
11351
11392
11464
11482
11507
11565
11578
11881
11891
11981
12061
12094
12143
12218
12265
12290
12348
12379
12383
12423
12474
12586
12706
12958
13167
13237
13384
13493
13515
13537
13642
13651
13714
13733
13755
13765
13816
13880
13908
13965
13988
14009
14082
14150
14165
14179
14207
14290
14324
14397
14435
14468
14504
14548
14609
14639
14828
14986
15169
15189
15237
15332
15480
15498
15553
15628
15699
15712
15800
15833
16001
16136
16204
16233
16259
16264
16362
16421
16458
16534
16635
16662
16756
16800
16813
16838
16871
17019
17137
17217
17427
17547
17776
17941
19614
19987
20009
20032
20044
20090
20201
20251
20356
20415
20467
20512
20524
20625
20721
20736
20788
20846
21020
21029
21064
21076
21119
21172
21224
21232
21254
21324
21430
21465
21529
21650
21706
21892
21934
22111
22208
22280
22510
22530
22817
22999
23019
23254
24060
24133
24250
24272
24348
24386
24529
24665
24697
25085
25137
25194
25350
25463
26025
26829
26856
26995
27791
28309
28327
28371
28442
28610
28686
28700
28735
28784
28848
28941
29122
29436
29546
29653
29709
29745
29792
29799
29838
29971
30173
30186
30222
30339
30473
30707
30969
31012
31245
31635
32328
32354
32378
32402
32453
32526
298
308
323
350
366
505
567
597
602
613
647
680
766
800
823
855
898
944
972
984
993
1024
1065
1091
1105
1117
1135
1187
1260
1275
1279
1288
1303
1396
1459
1560
1569
1576
1590
1616
1648
1668
1710
1752
1812
1872
1889
1908
1927
1950
1962
1995
2191
2197
2332
2355
2384
2404
2650
2696
2729
2738
2883
2900
2933
3011
3023
3042
3065
3160
3196
3219
3227
3254
3345
3371
3411
3480
3497
3518
3584
3596
3629
3662
3747
3769
3813
3883
3947
3964
3997
4055
4080
4112
4214
4260
4348
4454
4486
4522
4584
4623
4638
4688
4733
4751
4774
4829
4875
4930
5009
5188
5327
5369
5420
5474
5493
5505
5510
5599
5649
5789
5833
5867
5946
5969
5978
6080
6119
6167
6491
6521
6554
6561
6611
6659
6681
6736
6747
6778
6956
7025
7081
7172
7216
7265
7290
7368
7392
7468
7492
7523
7579
7622
7660
7884
8040
8043
8098
8119
8142
8232
8251
8275
8312
8329
8468
8599
8610
8686
8712
8721
8811
8823
8852
8908
8989
9006
9024
9184
9282
9359
9680
9717
9912
9977
10023
10338
10359
10404
10676
10694
10697
10727
10779
10820
10916
10980
11015
11037
11226
11268
11318
11355
11383
11399
11497
11562
11571
11870
11882
11975
12005
12027
12081
12131
12178
12228
12253
12326
12357
12455
12475
12541
12616
12646
12734
12939
13098
13183
13209
13359
13390
13514
13527
13653
13728
13742
13760
13777
13822
13839
13890
13904
13926
13968
14007
14047
14087
14170
14191
14230
14298
14320
14413
14440
14594
14620
14629
14808
14840
14967
15034
15167
15173
15191
15211
15242
15322
15349
15482
15497
15545
15557
15612
15643
15707
15759
15812
15921
15980
16057
16135
16145
16176
16255
16261
16361
16365
16446
16461
16518
16551
16690
16718
16772
16801
16819
16835
16844
16853
16981
17043
17091
17140
17209
17280
17413
17442
17535
17611
17771
17785
17906
18185
18266
19828
19959
19989
20001
20018
20039
20047
20080
20094
20221
20250
20281
20320
20387
20441
20486
20532
20556
20649
20711
20732
20749
20778
20802
20905
21019
21043
21068
21117
21151
21176
21203
21226
21250
21389
21456
21470
21500
21531
21558
21661
21696
21713
21826
21901
21987
22146
22228
22266
22396
22527
22533
22801
22902
22938
23006
23042
23230
23494
24047
24098
24122
24138
24212
24251
24319
24340
24352
24373
24413
24462
24584
24634
24694
25009
25121
25186
25234
25321
25404
25461
25478
25702
26563
26855
26953
27110
27540
28013
28362
28396
28423
28515
28584
28635
28674
28689
28695
28704
28734
28738
28804
28841
28863
28896
29010
29060
29216
29250
29488
29532
29555
29611
29658
29716
29738
29757
29791
29836
29844
29871
30082
30111
30176
30273
30353
30463
30539
30854
30932
30975
30994
31018
31117
31274
31589
31758
32321
32343
32388
32409
32464
313
360
552
590
633
673
712
796
813
818
824
838
877
955
982
991
1011
1023
1048
1069
1126
1137
1169
1199
1259
1264
1292
1350
1405
1451
1468
1559
1642
1657
1706
1729
1754
1800
1818
1946
1951
1992
2000
2211
2352
2639
2673
2726
2880
2886
2895
3031
3272
3291
3361
3400
3413
3494
3539
3566
3589
3610
3718
3772
3827
3893
3934
3948
3978
4009
4109
4114
4186
4215
4245
4265
4314
4361
4468
4523
4583
4597
4622
4653
4675
4764
4826
4922
4991
5179
5201
5325
5360
5376
5415
5471
5498
5516
5625
5674
5765
5791
5838
5859
5870
5942
5950
5976
5991
6120
6495
6562
6603
6635
6667
6704
6739
6790
7017
7034
7061
7146
7181
7197
7483
7503
7528
7571
7598
7629
7875
8030
8090
8103
8144
8209
8238
8261
8276
8304
8334
8368
8552
8558
8606
8637
8687
8714
8750
8839
8893
8907
8958
9005
9009
9022
9032
9166
9209
9299
9377
9580
9697
9707
9749
9898
9932
9969
9983
10011
10064
10310
10353
10357
10389
10467
10506
10686
10709
10735
10775
10781
10871
10958
10985
11035
11309
11325
11378
11390
11574
11985
12079
12092
12109
12194
12250
12260
12312
12362
12521
12573
12594
12631
12690
12725
12800
12938
12941
13094
13121
13195
13358
13374
13393
13659
13877
13898
13906
13935
14006
14029
14089
14202
14237
14305
14314
14412
14426
14436
14453
14585
14596
14636
14802
14815
14839
14858
14902
14975
15030
15075
15198
15227
15241
15290
15325
15336
15424
15533
15563
15626
15637
15646
15747
15788
15810
15814
15862
15947
15987
16038
16115
16127
16151
16194
16250
16352
16453
16459
16493
16526
16537
16606
16663
16698
16745
16786
16806
16843
16888
17010
17030
17049
17090
17093
17178
17216
17234
17369
17434
17477
17539
17555
17729
17775
17804
17895
17932
18173
18213
18250
19327
19690
19857
19967
19993
20038
20050
20081
20102
20235
20265
20292
20325
20381
20461
20485
20552
20560
20627
20684
20706
20714
20743
20756
20797
20886
21035
21051
21131
21170
21202
21216
21377
21425
21515
21537
21554
21626
21694
21702
21738
21817
21844
21912
21960
22014
22133
22161
22209
22229
22235
22298
22471
22516
22574
22811
22828
22915
22933
22981
23041
23065
23212
23253
23478
23542
24044
24050
24083
24107
24118
24129
24137
24176
24244
24294
24369
24381
24389
24416
24451
24490
24554
24594
24632
24646
24686
24853
25066
25115
25130
25143
25216
25241
25313
25342
25365
25429
25462
25470
25525
25564
25806
26421
26752
26912
26956
27070
27127
27407
27570
27995
28062
28346
28367
28382
28433
28474
28529
28581
28626
28638
28731
28782
28816
28858
28867
28888
28907
28992
29022
29032
29081
29123
29331
29480
29493
29540
29553
29572
29604
29628
29692
29725
29789
29857
29939
29977
30096
30105
30149
30248
30307
30347
30449
30464
30503
30615
30714
30873
30926
30936
31011
31013
31082
31111
31118
31266
31389
31572
31598
31676
31918
32342
634
670
793
868
881
954
962
1013
1026
1160
1183
1195
1213
1257
1336
1372
1416
1464
1532
1638
2215
2649
2665
2727
2891
2896
3339
3390
3408
3449
3490
3496
3565
3611
3889
3900
3913
3957
4006
4012
4161
4199
4235
4255
4266
4310
4327
4368
4457
4535
4574
4592
4611
4663
4673
4770
4808
4976
5001
5101
5182
5190
5252
5284
5336
5372
5377
5413
5418
5460
5499
5568
5639
5657
5692
5763
5777
5862
5884
5910
5988
6122
6511
6565
6601
6604
6626
6645
6660
6998
7047
7135
7160
7177
7209
7508
7537
7592
7612
7638
8024
8039
8075
8095
8101
8208
8231
8234
8352
8433
8535
8553
8616
8658
8692
8734
8756
8836
8858
8904
8961
9016
9020
9030
9035
9104
9204
9253
9298
9321
9387
9456
9667
9705
9712
9736
9752
9877
9910
9914
9940
9963
9972
9982
9993
10013
10056
10106
10252
10321
10344
10401
10442
10470
10474
10625
10681
10690
10708
10724
10734
10751
10778
10782
10844
10873
10955
10992
11279
11327
11380
11386
11996
12074
12102
12181
12213
12516
12540
12560
12575
12588
12615
12635
12703
12724
12733
12774
12826
12930
12943
13060
13117
13368
13860
13896
13907
14037
14194
14457
14591
14696
14848
14887
14920
14996
15054
15153
15230
15288
15306
15374
15445
15525
15538
15561
15620
15636
15641
15650
15813
15846
15881
15942
15978
16005
16044
16072
16123
16153
16179
16200
16348
16359
16490
16521
16545
16592
16715
16774
16883
16895
16991
17013
17023
17033
17044
17057
17171
17190
17215
17222
17269
17350
17384
17436
17474
17485
17576
17619
17766
17789
17860
17904
17915
17940
17967
18188
18231
18259
18427
19554
19630
19795
19830
19917
19983
20049
20083
20104
20234
20247
20275
20286
20306
20323
20375
20484
20611
20640
20661
20694
20720
20770
20796
20873
21122
21132
21153
21359
21379
21415
21429
21520
21544
21564
21630
21691
21701
21718
21805
21841
21863
21905
21920
21958
21990
22037
22158
22166
22241
22284
22392
22445
22562
22749
22825
22854
22976
23031
23064
23096
23134
23221
23232
23323
23481
23498
23608
24161
24208
24293
24311
24362
24370
24376
24503
24533
24581
24602
24834
24918
25023
25074
25175
25195
25224
25272
25309
25318
25328
25401
25413
25434
25471
25503
25537
25636
25763
25960
26408
26453
26678
26795
26894
26919
26970
27041
27097
27124
27148
27306
27469
27548
27737
27823
28007
28043
28220
28369
28379
28390
28455
28476
28521
28531
28618
28628
28639
28730
28774
28819
28887
28892
28898
28937
28954
29049
29068
29119
29149
29303
29385
29454
29481
29505
29538
29565
29574
29607
29625
29642
29666
29696
29878
29962
30027
30085
30120
30155
30250
30295
30323
30359
30461
30490
30508
30603
30689
30709
30777
30869
30891
30928
30961
30997
31015
31074
31100
31210
31253
31269
31331
31435
31513
31575
31593
31627
31654
31713
31876
31973
32337
666
788
864
1156
1212
1224
1249
1341
1553
2655
2668
3420
3891
3951
4132
4163
4212
4218
4248
4257
4282
4342
4526
4599
4615
4968
5005
5092
5122
5184
5202
5256
5273
5309
5452
5536
5572
5646
5656
5658
5690
5762
5779
5930
5983
6599
6610
6624
6639
6650
6996
7006
7122
7138
7207
7504
7521
7535
7538
7580
7602
7632
8022
8089
8094
8100
8192
8215
8384
8446
8502
8538
8677
8778
8891
8960
8968
9026
9082
9088
9135
9195
9210
9274
9306
9334
9424
9502
9626
9670
9726
9738
9855
9886
9903
9917
9934
9950
9956
9970
9981
10000
10015
10024
10088
10151
10241
10262
10318
10406
10446
10469
10489
10602
10657
10687
10764
10825
10855
10872
10903
10951
11293
11339
12532
12543
12570
12574
12578
12632
12716
12728
12773
12798
12818
12832
12927
13018
13084
13114
13847
14458
14652
14741
14844
14929
14989
15029
15048
15061
15132
15155
15272
15292
15307
15375
15432
15463
15505
15841
15870
15890
15922
15974
16029
16039
16102
16163
16180
16345
16355
16586
16600
16962
16988
17029
17071
17163
17195
17214
17224
17251
17270
17303
17356
17389
17567
17598
17697
17733
17767
17807
17861
17909
17931
17944
18040
18206
18254
18349
19185
19342
19604
19623
19644
19782
19816
19832
19861
19937
20239
20303
20364
20380
20604
20664
21165
21358
21385
21394
21543
21563
21614
21639
21688
21729
21772
21814
21829
21846
21864
22010
22029
22105
22147
22164
22195
22262
22291
22387
22393
22442
22570
22691
22754
22820
22852
22890
22945
23029
23033
23048
23084
23102
23144
23213
23237
23313
23457
23509
23600
23694
24160
24186
24500
24505
24535
24556
24583
24705
24846
24910
24947
25013
25034
25081
25160
25185
25206
25273
25304
25317
25334
25389
25412
25421
25433
25455
25488
25513
25532
25558
25583
25655
25723
25777
25956
25966
26237
26416
26430
26494
26639
26747
26781
26815
26887
26899
26951
26959
26991
27007
27096
27099
27141
27151
27254
27377
27423
27535
27544
27549
27612
27762
27810
27917
28003
28012
28023
28111
28242
28374
28501
28615
28653
28767
28818
28895
28911
28944
28978
29059
29112
29156
29277
29309
29370
29403
29451
29479
29589
29663
29874
29898
29955
29978
30066
30121
30157
30252
30293
30321
30338
30432
30450
30483
30493
30506
30525
30571
30614
30685
30696
30712
30758
30841
30871
30875
30921
30948
31008
31030
31078
31098
31166
31242
31252
31258
31321
31381
31414
31454
31492
31522
31573
31576
31591
31620
31649
31662
31706
31749
31805
31916
31942
31995
657
778
1536
2654
2656
3419
3439
3949
4129
4137
4174
4225
4274
4297
4335
4951
4971
5088
5105
5141
5185
5245
5302
5324
5517
5561
5659
5758
5940
6596
6642
6994
7127
7139
7534
7590
7608
7631
8188
8369
8415
8467
8490
8520
8540
8872
8959
8978
9049
9097
9113
9150
9244
9278
9327
9405
9447
9496
9520
9602
9665
9678
9813
9867
9928
10039
10085
10093
10116
10210
10251
10259
10289
10415
10450
10587
10616
10642
10667
10853
10867
10895
10904
11284
11333
11348
12533
12567
12583
12752
12864
12998
13022
13844
13853
14640
14682
14722
14772
14842
14928
14956
15009
15036
15055
15072
15079
15145
15161
15295
15308
15382
15437
15452
15501
15837
15842
15867
15887
15902
15931
15965
16006
16032
16088
16160
16172
16192
16354
16581
16588
16602
16959
17240
17259
17301
17326
17362
17391
17590
17610
17813
17877
17912
17921
18012
18108
18277
18350
18831
19239
19335
19537
19578
19619
19628
19636
19689
19746
19794
19813
19821
19845
19859
19915
19938
20298
20304
20578
20681
21412
21584
21680
21788
21847
21997
22024
22092
22167
22312
22424
22444
22621
22693
22780
22849
22875
22891
23035
23049
23094
23101
23120
23142
23184
23273
23322
23442
23477
23503
23522
23552
23601
23667
23886
24159
24180
24204
24506
24700
24828
24873
24930
24957
25011
25032
25052
25077
25170
25274
25297
25331
25336
25387
25427
25484
25497
25533
25556
25581
25588
25676
25719
25762
25775
25802
25898
25958
25996
26070
26265
26410
26427
26452
26490
26514
26572
26642
26680
26750
26775
26790
26807
26882
26893
26907
26942
26963
27081
27203
27284
27320
27378
27410
27461
27528
27536
27543
27600
27675
27738
27774
27797
27815
27851
27984
28018
28027
28099
28147
28222
28494
28667
28758
28917
28942
28965
28991
29053
29104
29198
29258
29302
29306
29365
29375
29449
29474
29597
29880
29901
29945
29958
30003
30029
30129
30261
30412
30441
30492
30557
30589
30604
30666
30702
30748
30823
30870
30880
30893
30938
30959
31003
31020
31037
31075
31084
31148
31190
31234
31304
31368
31406
31417
31473
31494
31530
31612
31637
31688
31739
31750
31772
31843
31891
31945
31981
32023
4135
4138
4164
4959
5061
5118
5132
5153
5242
5544
8181
8387
8452
8479
8507
8527
8541
8871
8890
9063
9106
9132
9163
9220
9324
9333
9401
9417
9441
9452
9462
9510
9570
9589
9618
9647
9761
9847
9858
9871
9921
10036
10076
10089
10095
10112
10138
10186
10226
10242
10267
10309
10426
10451
10584
10595
10609
10858
10874
12742
12765
12833
12879
12997
13007
13029
14662
14684
14740
14746
14777
14923
15021
15041
15085
15143
15157
15301
15378
15422
15895
15906
15925
15934
16010
16075
16161
16353
16565
16604
16908
16960
17243
17298
17318
17333
17589
17592
17980
18038
18048
18127
18276
18296
18415
18516
19069
19215
19284
19334
19341
19471
19553
19603
19688
19710
19779
19796
19815
19820
19863
20300
21580
21594
21776
22003
22018
22042
22173
22308
22332
22422
22433
22620
22685
22694
22772
22793
22870
22896
23086
23140
23160
23194
23268
23299
23403
23472
23515
23537
23573
23653
23685
23746
23915
24147
24178
24205
24768
24858
24905
24936
24987
25039
25275
25375
25481
25540
25580
25613
25664
25684
25715
25738
25774
25849
25942
25994
26003
26068
26100
26241
26405
26414
26439
26474
26502
26553
26595
26646
26723
26759
26789
26906
26909
26946
27083
27198
27214
27257
27371
27383
27416
27459
27489
27574
27645
27710
27754
27768
27782
27799
27835
27857
27938
27988
28031
28105
28131
28157
28236
28488
28755
28934
29103
29107
29165
29213
29274
29350
29368
29371
29376
29440
29456
29907
30018
30061
30122
30131
30367
30422
30545
30563
30600
30607
30663
30706
30727
30754
30806
30836
30888
30918
31052
31095
31146
31158
31180
31214
31281
31315
31339
31420
31457
31486
31547
31600
31647
31682
31698
31741
31759
31794
31838
31851
31877
31914
31957
32016
32026
4144
5060
5065
5117
5121
5142
5171
5241
5555
8183
8453
8514
8532
8866
9055
9111
9118
9133
9427
9457
9472
9516
9544
9638
9659
9760
9789
9816
10074
10077
10098
10149
10171
10214
10229
10285
10297
10530
10599
10887
12746
12755
12770
12861
12873
12898
12965
13005
13017
14663
14686
14735
14764
14792
15016
15026
15081
15117
15416
16569
16605
16897
16911
17311
17323
17974
17994
18045
18084
18125
18142
18294
18322
18353
18461
18555
18917
19138
19194
19225
19250
19298
19453
19480
19587
19656
19709
19718
19759
19799
19898
21577
21593
21612
21773
22006
22081
22186
22311
22317
22369
22414
22589
22647
22687
22727
22779
22798
22855
23156
23173
23192
23196
23266
23271
23274
23310
23366
23414
23475
23527
23561
23594
23642
23665
23679
23692
23700
23840
23911
24012
24733
24770
24958
24994
25035
25380
25545
25612
25616
25668
25678
25686
25760
25809
25865
25930
25971
26050
26085
26167
26261
26351
26465
26513
26551
26581
26602
26660
26685
26744
26782
27092
27197
27202
27208
27247
27275
27367
27397
27434
27519
27573
27596
27614
27646
27704
27743
27779
27786
27845
27855
27899
27924
27945
27987
27992
28125
28148
28204
28753
29094
29109
29176
29211
29259
29335
29364
29463
30035
30137
30362
30389
30418
30423
30547
30570
30643
30784
30817
30832
30919
31047
31063
31124
31174
31185
31217
31277
31299
31305
31546
31605
31642
31791
31829
31849
31863
31999
32022
32054
4160
5056
5071
8184
8464
8513
9526
9778
9799
9818
10141
10165
10177
10228
10238
10509
10566
10880
10888
12862
12883
12962
12995
14681
14726
14748
14801
15010
16937
18057
18090
18109
18133
18147
18290
18297
18332
18372
18450
18477
18550
18724
18864
19068
19126
19181
19226
19248
19280
19296
19317
19384
19470
19476
19510
19579
19589
19651
19707
19714
19812
19893
21573
22070
22085
22175
22342
22575
22598
22635
22659
22698
22733
22866
23172
23178
23297
23341
23384
23441
23568
23592
23622
23643
23655
23691
23743
23774
23845
23889
24002
24014
24732
24757
24809
24983
25006
25384
25551
25621
25679
25835
25883
25920
25992
26029
26062
26081
26093
26141
26188
26258
26322
26352
26505
26525
26606
26656
26711
26727
27196
27241
27250
27353
27402
27512
27585
27634
27654
27681
27752
27854
27887
27903
27963
27985
28153
28192
28749
29087
29095
29111
29264
29459
30553
30650
30781
30796
30809
30825
31119
31133
31294
31310
31540
31640
31814
31846
32009
32050
4158
5084
8461
9792
9800
9823
10179
10532
10578
12889
12982
14678
16929
16949
18077
18115
18146
18282
18293
18318
18341
18429
18458
18530
18678
18827
18835
18877
19062
19108
19165
19184
19233
19240
19261
19300
19318
19377
19437
19455
19472
19498
19532
19691
19712
19811
19865
21565
22065
22080
22089
22178
22368
22601
22670
22695
22748
22863
23167
23176
23293
23336
23382
23397
23426
23567
23621
23630
23736
23750
23824
23881
23887
23906
23998
24005
24723
24743
24785
24827
25633
25826
25916
26136
26156
26168
26205
26250
26281
26326
26379
26515
26531
26604
26635
26735
27189
27233
27327
27361
27399
27641
27682
27883
27950
28748
29461
30662
30830
31127
32027
9797
10547
16917
18076
18083
18143
18442
18456
18521
18542
18578
18691
18796
18829
18860
18865
18896
18939
19066
19082
19120
19144
19311
19347
19436
19452
19504
19699
19889
22086
22618
22664
23277
23294
23378
23386
23618
23628
23633
23770
23809
23871
23984
24010
24734
24749
24801
24816
26133
26149
26162
26218
26256
26266
26287
26328
26356
26397
26518
26535
26624
27227
27323
27354
27881
27946
27962
9794
16924
18060
18518
18522
18573
18663
18685
18714
18772
18806
18828
18894
18928
18959
19080
19101
19117
19301
19352
19412
19444
22604
23616
23799
23864
23967
23990
26121
26147
26155
26212
26222
26285
26302
26327
26350
26364
26388
27230
27880
18529
18561
18610
18672
18683
18711
18756
18795
18820
18948
19060
19071
19102
19362
19409
19435
22617
23780
23801
23957
23968
23985
26233
26347
26395
27872
18570
18618
18673
18703
18730
18819
18946
18957
19009
22612
23778
23794
23950
23975
26335
26392
18566
18612
18628
18695
18706
18747
18956
18958
18989
19059
22611
23788
23956
23976
26345
18611
18653
18742
18984
18990
19010
18652
18746
18973
18996
19051
18633
18963
19031
18650
19044
