-20000
18090
4947
23029
436
15387
22483
24634
374
1456
7324
17485
21487
22878
24020
24646
114
383
1121
4786
6921
15119
16120
18060
19376
22390
22641
22937
23856
24572
24635
26052
71
170
375
403
809
1130
3083
4827
5179
7098
10380
15267
15509
16665
17506
18067
18611
19421
21574
22436
22589
22853
22892
22960
23251
23966
24126
24585
25101
30963
53
100
132
191
382
387
404
658
1032
1123
1454
1747
4399
4822
4906
5091
5824
7079
7137
8978
12234
15255
15381
15467
15755
16143
16806
17500
17764
18066
18079
18146
18630
19393
19703
21518
21620
22423
22471
22490
22594
22705
22854
22890
22920
22944
23011
23212
23411
23875
23979
24036
24349
24573
24594
24732
25928
30148
32322
19
64
74
110
125
134
181
365
386
422
611
717
830
1084
1192
1455
1534
1941
4302
4593
4799
4826
4871
4936
5056
5097
5579
6002
7063
7097
7125
7285
8832
10354
10581
14079
15147
15258
15369
15417
15494
15649
15808
16135
16348
16748
17381
17491
17570
17946
18065
18072
18087
18092
18347
18620
18852
19382
19556
21472
21492
21555
21612
21745
22392
22425
22456
22474
22542
22593
22639
22672
22809
22862
22887
22904
22927
22956
23002
23019
23150
23238
23298
23708
23862
23886
23969
23981
24023
24083
24173
24451
24577
24590
24626
24721
24978
25354
26017
29524
30380
32062
32601
25
59
73
84
113
119
129
133
137
179
187
287
369
408
571
615
672
803
811
1020
1038
1088
1143
1286
1526
1705
1826
2299
3685
4328
4570
4732
4796
4806
4851
4872
4928
4939
5010
5081
5092
5177
5187
5742
5862
6169
6956
7088
7103
7128
7149
7290
7816
8945
9142
10376
10422
11389
13646
14839
15142
15227
15263
15292
15372
15414
15434
15487
15634
15659
15760
16017
16126
16142
16179
16526
16747
16749
17231
17478
17488
17493
17569
17746
17895
17964
18101
18176
18525
18628
18851
19131
19388
19509
19664
20179
21480
21542
21573
21597
21617
21626
22140
22398
22429
22447
22458
22530
22588
22591
22608
22647
22703
22750
22811
22863
22899
22910
22924
22929
22985
23013
23027
23088
23194
23224
23239
23297
23401
23693
23812
23859
23868
23883
23957
23976
24004
24055
24085
24162
24315
24440
24496
24574
24583
24618
24630
24683
24728
24752
25042
25240
25856
25965
26051
28262
29923
30260
30580
31565
32269
32476
32754
23
39
56
83
87
120
154
189
269
337
447
578
645
660
683
726
990
1023
1047
1114
1141
1146
1204
1409
1484
1529
1613
1730
1789
1902
2167
2404
3452
3954
4324
4346
4553
4675
4770
4790
4804
4814
4849
4861
4888
4908
4933
4944
5008
5050
5074
5085
5111
5213
5587
5763
5859
5894
6106
6692
6934
6979
7100
7122
7148
7219
7286
7307
7794
8700
8902
8948
9084
9324
10358
10377
10410
10509
10837
11771
12694
13916
14482
15101
15139
15143
15222
15236
15277
15357
15410
15416
15419
15440
15485
15492
15613
15636
15665
15757
15772
15861
16087
16144
16328
16485
16561
16714
16753
17207
17364
17420
17483
17490
17536
17732
17753
17849
17898
17960
18008
18097
18143
18164
18217
18388
18567
18624
18633
19121
19339
19389
19429
19542
19577
19676
19810
21311
21482
21522
21549
21563
21594
21598
21615
21622
21729
22037
22206
22397
22416
22433
22451
22464
22505
22539
22580
22604
22638
22643
22656
22675
22724
22800
22810
22848
22871
22896
22921
22933
22962
22995
23048
23118
23168
23201
23220
23228
23250
23275
23382
23408
23610
23701
23757
23825
23873
23943
24000
24053
24077
24112
24143
24172
24192
24320
24391
24441
24461
24542
24575
24579
24620
24661
24709
24722
24729
24740
24814
24980
25084
25131
25269
25520
25893
25957
25972
26044
27602
28286
29765
30125
30189
30304
30423
30813
31343
32020
32221
32308
32394
32559
32615
32759
38
57
75
91
147
166
246
282
293
353
446
535
573
594
627
656
667
681
711
721
788
842
1018
1026
1042
1049
1097
1176
1198
1211
1385
1432
1464
1521
1536
1639
1713
1746
1758
1807
1883
1929
2107
2219
2306
2925
3444
3657
3816
4086
4321
4341
4361
4482
4644
4718
4733
4779
4803
4854
4874
4917
4989
5044
5088
5116
5201
5426
5580
5637
5751
5778
5838
5882
5995
6051
6146
6560
6827
6929
6941
6971
7021
7099
7147
7153
7246
7295
7317
7532
8070
8755
8880
8903
8973
9002
9123
9283
9904
10374
10400
10421
10458
10512
10686
11317
11407
12028
12370
13602
13908
14075
14128
14563
14954
15113
15130
15154
15226
15247
15269
15354
15361
15401
15424
15435
15465
15481
15578
15621
15637
15661
15709
15770
15786
15826
15919
16076
16111
16160
16211
16339
16474
16509
16548
16562
16680
16738
16750
16784
16954
17228
17246
17370
17401
17472
17508
17547
17574
17742
17760
17846
17893
17936
17947
17963
17968
18012
18127
18156
18167
18183
18227
18348
18441
18551
18607
18626
18818
18971
19124
19224
19347
19457
19516
19555
19576
19595
19667
19692
19751
19915
20441
21396
21519
21533
21544
21554
21564
21593
21606
21717
21732
21849
22101
22173
22242
22410
22462
22493
22520
22547
22613
22644
22665
22683
22707
22747
22766
22807
22836
22851
22877
22998
23040
23059
23098
23142
23164
23172
23200
23207
23219
23222
23231
23273
23283
23302
23394
23405
23427
23680
23695
23742
23764
23822
23837
23936
23948
23997
24056
24109
24124
24140
24146
24187
24225
24323
24385
24407
24442
24459
24480
24510
24564
24580
24649
24675
24690
24713
24726
24811
24840
24996
25080
25106
25224
25268
25291
25380
25614
25871
25898
25949
25959
25970
25989
26041
26047
27180
28204
28264
28420
29555
29766
29943
30132
30157
30249
30300
30355
30394
30426
30722
30898
31039
31402
31982
32042
32105
32236
32270
32321
32364
32436
32531
32582
32614
32681
32764
144
203
248
281
289
329
342
355
516
557
588
597
620
638
647
671
676
691
720
741
799
841
974
999
1028
1040
1057
1092
1105
1157
1190
1203
1209
1248
1287
1386
1428
1449
1458
1480
1504
1535
1580
1625
1649
1709
1736
1750
1786
1803
1809
1852
1895
1924
1936
1990
2155
2178
2286
2355
2566
2978
3124
3448
3606
3660
3710
3828
4053
4253
4303
4334
4343
4360
4367
4444
4538
4618
4654
4683
4724
4735
4781
4859
4914
4927
4972
5001
5028
5048
5157
5191
5205
5241
5531
5586
5594
5729
5745
5756
5768
5792
5836
5855
5881
5892
5947
5999
6018
6058
6130
6152
6491
6662
6729
6842
6927
6945
6957
6977
7002
7028
7145
7218
7226
7281
7299
7475
7699
7923
8595
8712
8790
8841
8891
8930
8964
8986
9036
9122
9125
9178
9318
9417
10017
10364
10381
10403
10417
10429
10462
10511
10575
10652
10732
11305
11355
11395
11411
11876
12089
12253
12525
13334
13634
13689
13944
14078
14087
14459
14558
14764
14846
15059
15106
15116
15159
15246
15248
15323
15396
15458
15466
15527
15588
15633
15663
15690
15741
15761
15775
15803
15811
15854
15918
15939
16040
16082
16109
16117
16150
16165
16203
16306
16345
16451
16483
16503
16518
16530
16553
16655
16676
16707
16715
16741
16765
16790
16849
16986
17217
17245
17309
17375
17382
17403
17470
17517
17545
17560
17572
17729
17734
17744
17758
17761
17810
17889
17922
17937
17957
18001
18030
18102
18131
18200
18298
18361
18406
18500
18537
18563
18591
18704
18820
18942
19055
19189
19252
19344
19365
19445
19459
19541
19553
19593
19650
19689
19701
19704
19791
19890
19972
20226
21155
21334
21418
21579
21708
21726
21748
21988
22083
22135
22168
22194
22235
22309
22405
22543
22574
22609
22668
22677
22689
22706
22720
22726
22764
22789
22802
22824
22842
23036
23046
23055
23061
23100
23132
23154
23183
23199
23206
23209
23237
23255
23279
23284
23334
23396
23423
23455
23619
23682
23731
23745
23762
23810
23820
23827
23847
23928
23939
24062
24113
24134
24145
24155
24188
24198
24298
24327
24369
24387
24406
24435
24458
24488
24503
24532
24552
24648
24671
24681
24688
24716
24781
24813
24819
24915
24988
25016
25074
25083
25104
25107
25204
25235
25256
25288
25349
25366
25438
25596
25663
25858
25884
25895
25903
25929
25953
25982
26004
26039
26950
27264
28105
28251
28266
28351
28852
29553
29670
29912
29936
30066
30139
30153
30169
30223
30258
30279
30342
30375
30385
30399
30436
30657
30797
30818
30928
31036
31298
31382
31493
31636
32001
32029
32050
32083
32176
32223
32258
32284
32313
32346
32376
32432
32473
32488
32558
32571
32585
32603
32670
32745
195
208
266
294
336
345
358
463
529
542
570
623
635
639
655
678
736
781
791
837
848
975
998
1013
1053
1153
1165
1237
1275
1349
1390
1417
1439
1450
1498
1511
1540
1637
1647
1681
1784
1791
1842
1868
1911
1974
2078
2136
2171
2187
2232
2291
2315
2385
2450
2915
2936
2987
3114
3177
3447
3543
3654
3658
3666
3691
3744
3875
3966
4059
4087
4256
4314
4345
4348
4374
4412
4479
4494
4552
4601
4633
4649
4655
4714
4723
4766
4782
4948
4985
5140
5169
5195
5212
5220
5300
5470
5555
5591
5615
5720
5739
5753
5779
5807
5826
5840
5868
5936
5964
6008
6047
6066
6164
6262
6499
6642
6671
6719
6823
6836
6910
6961
7000
7008
7023
7037
7142
7183
7225
7237
7270
7282
7460
7502
7536
7771
7909
8043
8205
8671
8710
8715
8780
8798
8833
8861
8885
8944
8961
8968
8984
8996
9006
9064
9091
9133
9176
9245
9300
9343
9699
9953
10049
10382
10426
10434
10465
10539
10641
10682
10693
10826
11177
11314
11327
11388
11401
11737
11835
11987
12063
12175
12235
12254
12405
12549
12936
13576
13604
13661
13902
13917
14058
14103
14199
14462
14552
14560
14740
14808
14891
15051
15066
15156
15215
15294
15347
15448
15541
15584
15602
15632
15678
15736
15783
15787
15812
15838
15856
15914
15930
16009
16039
16073
16090
16178
16198
16205
16254
16322
16342
16389
16469
16475
16494
16534
16587
16656
16686
16716
16762
16770
16787
16818
16888
16973
17093
17235
17301
17333
17407
17434
17518
17561
17720
17733
17808
17831
17859
17892
17910
17938
17972
18003
18026
18058
18107
18189
18273
18306
18357
18379
18405
18420
18450
18519
18534
18540
18577
18605
18660
18734
18819
18827
18912
18945
19012
19059
19168
19217
19228
19270
19342
19350
19443
19450
19492
19529
19545
19587
19596
19652
19685
19747
19764
19809
19887
19900
19959
20040
20218
20228
20608
21201
21331
21392
21413
21434
21681
21714
21720
21813
21929
21999
22080
22084
22118
22139
22142
22171
22176
22231
22237
22255
22313
22555
22575
22669
22752
22780
22792
22812
22826
22840
22845
23043
23047
23054
23086
23109
23176
23185
23204
23265
23288
23327
23350
23414
23436
23557
23639
23681
23689
23725
23736
23804
23849
23891
23931
24064
24120
24224
24235
24300
24335
24376
24389
24398
24429
24439
24456
24492
24527
24672
24679
24718
24776
24787
24830
24862
24937
24989
25000
25040
25075
25109
25139
25215
25244
25258
25273
25330
25355
25373
25401
25510
25531
25603
25653
25719
25861
25889
25894
25902
25904
25947
25979
25988
25992
26011
26693
27163
27218
27429
27700
28122
28205
28261
28280
28348
28377
28771
29080
29545
29653
29712
29831
29913
29934
29937
30050
30108
30176
30218
30241
30275
30292
30318
30347
30369
30411
30434
30513
30632
30692
30754
30814
30846
30910
30958
31013
31038
31208
31300
31369
31395
31409
31523
31616
31891
31989
32003
32028
32035
32044
32060
32070
32099
32174
32206
32229
32244
32267
32292
32373
32382
32421
32439
32474
32489
32533
32577
32584
32598
32602
32604
32659
32739
32752
202
210
265
307
450
484
534
537
734
739
743
796
840
844
860
984
991
1011
1147
1215
1245
1255
1284
1332
1364
1440
1485
1508
1517
1542
1629
1644
1664
1696
1850
1861
1870
1906
1970
1982
2035
2084
2114
2150
2175
2181
2200
2231
2245
2328
2357
2386
2449
2452
2871
2918
2933
2961
2982
3038
3098
3120
3140
3365
3446
3494
3561
3614
3693
3721
3763
3857
3934
3960
4039
4080
4182
4289
4315
4358
4370
4382
4409
4435
4488
4536
4594
4610
4622
4667
4694
4743
4979
5123
5166
5171
5200
5219
5236
5296
5423
5432
5514
5534
5571
5601
5617
5650
5725
5732
5786
5830
5848
5930
5941
5956
5974
6004
6038
6063
6101
6165
6221
6282
6504
6636
6661
6680
6706
6720
6753
6831
6856
6913
6959
6983
7001
7005
7029
7045
7161
7206
7232
7257
7328
7469
7499
7515
7535
7609
7758
7785
7858
7912
7948
8064
8170
8249
8602
8686
8702
8729
8774
8781
8791
8801
8837
8884
8954
9000
9016
9037
9083
9088
9101
9132
9156
9221
9253
9299
9331
9390
9435
9735
9914
10009
10040
10228
10399
10428
10449
10494
10531
10573
10605
10651
10672
10687
10706
10734
10835
11079
11217
11316
11322
11340
11360
11400
11544
11747
11811
11872
11879
12001
12030
12081
12122
12192
12243
12275
12376
12452
12540
12574
12697
13303
13353
13600
13618
13651
13680
13725
13905
13942
13997
14065
14096
14120
14132
14298
14468
14499
14556
14693
14757
14783
14820
14866
14918
14973
15079
15185
15217
15305
15346
15454
15563
15624
15670
15680
15727
15785
15814
15833
15841
15884
15922
15942
16010
16063
16101
16183
16199
16207
16242
16275
16316
16327
16372
16415
16463
16491
16498
16532
16547
16566
16590
16664
16685
16694
16815
16846
16879
16937
16972
16981
17042
17126
17240
17299
17302
17356
17433
17435
17527
17671
17727
17788
17809
17813
17842
17860
17921
17975
18050
18115
18258
18297
18303
18317
18377
18386
18397
18411
18424
18449
18476
18505
18533
18550
18643
18698
18719
18765
18826
18835
18861
18940
18961
19000
19046
19057
19064
19132
19184
19190
19248
19269
19329
19354
19461
19496
19533
19579
19632
19659
19678
19745
19755
19789
19798
19817
19891
19906
19947
19963
19992
20065
20207
20221
20419
20601
20642
21180
21280
21313
21333
21360
21393
21402
21415
21432
21461
21645
21686
21797
21829
21874
21950
21990
22010
22066
22093
22111
22130
22138
22141
22145
22189
22224
22239
22246
22272
22326
22550
22556
22579
22753
22788
22816
22830
22841
23041
23085
23187
23322
23332
23359
23415
23428
23448
23519
23601
23625
23678
23687
23711
23726
23801
23887
23903
24115
24203
24227
24242
24307
24331
24344
24417
24436
24719
24763
24801
24829
24837
24844
24889
24923
24953
25001
25035
25125
25138
25199
25212
25216
25261
25277
25314
25346
25357
25376
25395
25412
25490
25517
25525
25565
25597
25605
25621
25656
25717
25731
25918
26073
26758
26989
27177
27216
27244
27409
27531
27623
27841
28119
28125
28213
28253
28278
28315
28375
28411
28436
28777
28909
29190
29539
29552
29556
29663
29700
29760
29768
29887
29917
29935
30034
30061
30090
30190
30229
30272
30287
30298
30305
30330
30343
30367
30370
30401
30496
30528
30593
30641
30660
30718
30740
30771
30845
30855
30908
30929
30962
30974
31030
31160
31256
31340
31367
31379
31394
31399
31408
31483
31522
31560
31615
31619
31882
31979
31985
31999
32012
32021
32039
32053
32068
32097
32160
32194
32218
32225
32233
32254
32263
32367
32378
32391
32404
32423
32445
32513
32553
32596
32618
32668
32718
32744
224
327
448
456
467
491
729
738
774
798
846
850
963
1001
1228
1253
1267
1282
1347
1363
1367
1442
1507
1549
1653
1679
1693
1701
1845
1855
1879
1947
1979
2011
2053
2096
2115
2142
2180
2214
2254
2322
2350
2375
2432
2539
2737
2908
2921
2960
2968
2980
3014
3081
3088
3109
3119
3123
3127
3163
3309
3390
3462
3526
3546
3592
3609
3642
3704
3720
3730
3755
3776
3856
3863
3879
3939
3957
3995
4040
4068
4109
4201
4268
4294
4352
4379
4392
4406
4432
4442
4531
4615
4661
4705
4976
4984
5124
5199
5235
5237
5291
5306
5425
5465
5511
5522
5551
5569
5573
5607
5616
5626
5641
5653
5723
5790
5853
5909
5943
5955
5961
5968
5977
6019
6087
6103
6167
6197
6252
6270
6334
6508
6616
6639
6650
6673
6699
6724
6738
6759
6830
6877
6995
7031
7050
7157
7180
7205
7217
7247
7268
7338
7461
7470
7492
7501
7505
7524
7534
7607
7677
7705
7818
7873
7939
7993
8056
8098
8171
8229
8502
8599
8619
8676
8717
8770
8783
8799
8805
9007
9043
9078
9151
9169
9214
9243
9273
9360
9410
9433
9660
9720
9768
9908
9920
9962
10178
10340
10436
10452
10484
10498
10516
10553
10584
10634
10678
10730
10743
10971
11096
11211
11255
11323
11371
11530
11561
11757
11786
11820
11836
11959
11998
12011
12062
12066
12084
12100
12127
12223
12256
12288
12372
12388
12425
12479
12539
12541
12571
12672
12844
13046
13317
13341
13517
13583
13611
13621
13671
13688
13713
13899
13904
13930
13977
14034
14071
14101
14118
14129
14161
14237
14425
14477
14495
14528
14553
14594
14698
14743
14759
14782
14791
14837
14848
14881
14911
14943
14968
15032
15100
15553
15565
15682
15730
15784
15824
15876
15893
15994
16044
16107
16195
16218
16262
16298
16309
16319
16368
16373
16405
16417
16488
16496
16585
16622
16657
16700
16814
16824
16877
16885
16925
16941
16995
17066
17119
17163
17267
17300
17305
17354
17361
17425
17449
17579
17691
17722
17769
17804
17812
17830
17837
17864
17987
18035
18052
18256
18261
18284
18300
18310
18321
18363
18412
18428
18448
18466
18478
18502
18518
18640
18644
18665
18729
18752
18816
18832
18848
18885
18926
18955
18986
19009
19025
19065
19144
19170
19186
19211
19240
19259
19307
19334
19359
19489
19610
19638
19658
19661
19743
19763
19797
19812
19819
19894
19902
19913
19934
19954
19979
19996
20062
20112
20200
20217
20219
20358
20427
20455
20603
20619
20901
21159
21197
21250
21291
21312
21322
21351
21369
21395
21399
21411
21414
21449
21466
21640
21649
21687
21795
21828
21838
21858
21904
21940
21965
22001
22012
22048
22088
22124
22154
22219
22250
22259
22287
22321
22341
22754
23080
23309
23421
23518
23549
23572
23603
23622
23673
23679
23798
23901
24199
24205
24233
24253
24305
24340
24347
24428
24800
24806
24838
24858
24914
24928
24950
24964
25014
25025
25120
25148
25209
25260
25280
25305
25316
25332
25386
25397
25407
25420
25447
25492
25527
25558
25579
25611
25618
25645
25654
25659
25714
25724
25846
25913
25921
26070
26163
26737
26797
26972
27068
27174
27179
27182
27262
27388
27416
27506
27534
27604
27673
27823
27918
28112
28132
28209
28222
28267
28290
28327
28362
28378
28426
28648
28801
28888
29079
29154
29292
29544
29595
29666
29688
29710
29713
29814
29842
29904
30012
30041
30060
30069
30097
30206
30324
30333
30364
30368
30371
30406
30495
30510
30521
30572
30584
30625
30643
30685
30699
30728
30795
30839
30851
30890
30934
31005
31025
31033
31097
31173
31240
31280
31327
31359
31376
31386
31477
31491
31502
31541
31571
31621
31673
31890
31914
32093
32149
32162
32177
32220
32234
32371
32390
32403
32463
32494
32649
32710
32719
221
233
317
452
464
478
485
514
769
779
950
1276
1333
1366
1373
1446
1566
1657
1846
1853
1872
1881
1967
2010
2012
2052
2054
2090
2252
2269
2316
2344
2376
2413
2435
2456
2555
2687
2778
2883
2924
2945
2963
2975
2997
3015
3080
3082
3090
3152
3174
3266
3331
3379
3414
3468
3517
3532
3544
3579
3601
3613
3624
3697
3724
3740
3774
3783
3841
3858
3870
3922
3936
3952
3975
3997
4051
4104
4155
4193
4247
4257
4277
4295
4356
4391
4438
4526
4664
4712
5129
5289
5414
5440
5483
5517
5562
5570
5636
5638
5645
5652
5656
5789
5897
5921
5950
5969
5976
6022
6068
6092
6181
6209
6239
6254
6327
6490
6509
6612
6630
6640
6648
6654
6737
6739
6819
6861
6890
6985
7160
7176
7192
7253
7333
7380
7481
7510
7528
7575
7618
7687
7702
7721
7857
7865
7900
7930
7947
7965
8029
8048
8058
8084
8151
8196
8224
8242
8391
8557
8612
8659
8674
8678
8725
8759
8771
8786
8800
8802
8820
9054
9075
9180
9215
9227
9256
9348
9370
9395
9413
9432
9524
9693
9714
9729
9757
9896
9907
9916
9949
9956
9993
10172
10213
10292
10345
10441
10453
10482
10497
10508
10543
10628
10639
10815
10915
11058
11082
11125
11185
11212
11240
11301
11370
11387
11518
11543
11546
11613
11761
11779
11853
11909
11966
11996
12008
12014
12032
12070
12083
12088
12107
12159
12213
12232
12270
12281
12297
12384
12404
12440
12477
12510
12547
12657
12689
12767
12857
13039
13133
13312
13330
13459
13526
13613
13631
13669
13673
13681
13692
13714
13740
13936
13971
13993
14012
14054
14074
14116
14147
14188
14220
14259
14305
14449
14489
14507
14539
14582
14685
14697
14717
14744
14763
14773
14786
14805
14831
14854
14880
14882
14929
14960
14971
14994
15037
15080
15546
15567
15817
15868
15881
15990
16001
16102
16190
16216
16235
16258
16279
16303
16308
16312
16356
16399
16450
16572
16620
16643
16812
16820
16831
16865
16907
16934
16944
16990
17037
17051
17078
17117
17122
17130
17190
17253
17273
17347
17439
17454
17610
17686
17694
17785
17798
18231
18272
18302
18309
18323
18430
18442
18453
18468
18477
18497
18510
18638
18662
18685
18728
18748
18762
18790
18833
18845
18870
18910
18924
18937
18975
18994
19104
19140
19146
19194
19213
19235
19247
19257
19273
19317
19468
19598
19618
19860
19898
19909
19926
19943
19975
19982
19994
20005
20041
20079
20136
20199
20212
20347
20389
20445
20480
20613
20641
20794
21056
21173
21183
21224
21272
21288
21302
21317
21328
21341
21366
21389
21398
21403
21446
21470
21629
21643
21668
21703
21790
21822
21852
21868
21885
21922
21956
21972
22000
22008
22014
22040
22061
22092
22122
22164
22216
22222
22266
22274
22307
22324
22330
22380
23068
23303
23317
23496
23528
23553
23578
23623
23795
23800
24214
24232
24243
24286
24301
24339
24795
24802
24810
24846
24894
24955
25017
25117
25122
25145
25303
25318
25381
25419
25428
25477
25497
25591
25620
25642
25647
25655
25662
25695
25723
25729
25840
25849
25909
25919
26066
26119
26481
26734
26745
26770
26836
26959
26987
26995
27087
27170
27188
27313
27397
27418
27490
27521
27539
27613
27638
27675
27759
27840
27892
28006
28131
28179
28212
28215
28234
28301
28318
28331
28365
28389
28424
28435
28455
28653
28781
28851
28854
28907
28983
29147
29177
29191
29479
29558
29608
29684
29723
29800
29815
29837
29844
29891
29986
30018
30086
30106
30207
30356
30460
30502
30512
30515
30546
30576
30585
30619
30672
30689
30697
30707
30732
30781
30796
30847
30857
30891
30989
31018
31053
31125
31165
31203
31233
31245
31274
31296
31314
31335
31357
31419
31480
31518
31533
31545
31614
31623
31672
31809
31888
31952
32136
32152
32179
32389
32401
32447
32466
32709
32717
240
477
501
757
772
927
1344
1372
1559
1955
1998
2032
2041
2071
2256
2282
2317
2341
2445
2508
2549
2563
2627
2723
2772
2799
2938
2956
2972
2993
3001
3021
3061
3095
3173
3248
3281
3347
3401
3427
3480
3497
3531
3570
3589
3634
3734
3773
3775
3797
3839
3871
3918
3930
3992
4003
4091
4107
4117
4166
4184
4202
4250
4261
4278
4516
4528
4666
5270
5405
5419
5437
5456
5476
5487
5561
5566
5633
5649
5654
5685
5927
6035
6099
6179
6192
6203
6220
6238
6251
6261
6310
6329
6457
6546
6587
6613
6649
6733
6760
6879
6901
7166
7191
7199
7330
7362
7427
7508
7599
7615
7652
7681
7718
7750
7828
7870
7880
7904
7928
7936
7946
7949
7988
8005
8037
8055
8071
8094
8116
8163
8181
8206
8225
8247
8310
8451
8532
8566
8614
8634
8663
8811
8821
9179
9189
9254
9270
9351
9369
9384
9425
9439
9630
9668
9698
9722
9732
9754
9763
9774
9903
9915
9944
9981
9999
10052
10175
10204
10223
10291
10317
10344
10353
10439
10467
10500
10547
10615
10754
10838
10959
11003
11069
11094
11106
11161
11188
11224
11297
11361
11376
11467
11525
11554
11603
11651
11780
11840
11868
11904
11920
11974
12026
12033
12073
12103
12108
12141
12173
12196
12218
12269
12271
12282
12296
12303
12382
12449
12476
12480
12524
12546
12656
12664
12673
12746
12803
12853
12918
12954
13041
13123
13253
13309
13396
13486
13523
13557
13614
13622
13662
13705
13737
13776
13953
14016
14045
14150
14172
14205
14231
14257
14283
14334
14441
14452
14486
14494
14514
14583
14672
14696
14713
14721
14779
14795
14859
14884
14933
14990
15003
15095
15951
15992
15996
16189
16193
16227
16236
16260
16293
16426
16628
16648
16823
16830
16845
16898
16918
16943
16945
17031
17040
17045
17074
17091
17110
17146
17187
17195
17261
17281
17337
17440
17453
17594
17616
17684
17690
17718
17774
17794
17799
18250
18338
18436
18461
18473
18482
18515
18669
18691
18735
18764
18783
18804
18847
18868
18877
18894
18984
19073
19108
19134
19154
19201
19254
19271
19304
19308
19325
19466
19599
19615
19847
19884
19929
20034
20050
20074
20096
20125
20138
20274
20352
20368
20397
20470
20507
20610
20614
20637
20785
20810
20951
21116
21168
21176
21187
21222
21227
21255
21309
21336
21368
21448
21639
21676
21700
21755
21793
21862
21879
21897
21905
21925
21968
21985
22006
22034
22162
22209
22281
22373
23479
23510
23522
23529
23575
23591
24220
24276
24288
24852
24909
25301
25427
25437
25457
25486
25631
25722
25799
25855
26062
26069
26075
26139
26171
26517
26721
26735
26744
26746
26759
26792
26822
26935
26961
26986
26991
27030
27084
27131
27168
27213
27265
27315
27393
27403
27449
27499
27525
27551
27626
27644
27695
27749
27777
27834
27886
27913
27956
28034
28145
28196
28218
28229
28235
28320
28339
28380
28403
28433
28450
28475
28747
28783
28806
28868
28978
28996
29107
29150
29174
29184
29196
29329
29490
29557
29569
29603
29649
29741
29782
29809
29822
29839
29877
29896
29955
29988
30020
30070
30103
30217
30362
30443
30479
30555
30579
30589
30613
30621
30694
30739
30793
30875
30897
30977
31002
31051
31082
31116
31152
31161
31202
31206
31230
31237
31253
31273
31291
31317
31329
31416
31458
31481
31516
31532
31543
31554
31606
31699
31861
31885
31920
31959
32122
32146
32159
32188
32383
496
509
750
766
922
1948
1959
2006
2027
2044
2068
2281
2457
2524
2546
2576
2630
2693
2759
2776
2784
2801
2942
2955
2973
2989
3004
3027
3060
3065
3193
3261
3272
3308
3340
3356
3403
3419
3470
3501
3527
3567
3737
3788
3798
3831
3898
4001
4031
4123
4168
4188
4244
4511
4665
5246
5273
5399
5413
5449
5490
5568
5674
5705
6094
6183
6195
6218
6250
6255
6286
6325
6363
6458
6519
6556
6586
6601
6770
6885
6903
7197
7367
7422
7445
7586
7612
7637
7671
7719
7895
7933
7963
7971
8021
8038
8051
8107
8132
8159
8188
8243
8263
8381
8414
8480
8508
8533
8581
8628
8667
8812
9200
9365
9419
9431
9436
9489
9576
9641
9681
9749
9756
9821
9929
9947
9976
9989
10008
10164
10189
10211
10227
10275
10313
10335
10343
10352
10504
10746
10785
10905
10932
10970
10978
11038
11060
11090
11098
11115
11157
11167
11223
11261
11377
11445
11514
11523
11548
11558
11576
11605
11632
11682
11782
11838
11850
11866
11869
11899
11906
11918
11940
11969
12055
12113
12134
12145
12168
12174
12194
12198
12356
12378
12446
12455
12504
12523
12617
12658
12687
12726
12756
12798
12804
12846
12904
12933
13010
13081
13125
13173
13257
13307
13310
13389
13442
13485
13511
13540
13563
13730
13757
13804
13968
14041
14169
14182
14211
14253
14273
14292
14323
14374
14451
14455
14516
14591
14665
14681
14738
14936
14977
14993
15015
15085
15984
16194
16219
16284
16294
16439
16633
16834
16895
16953
17004
17072
17084
17173
17196
17258
17276
17341
17445
17591
17604
17621
17716
17719
17803
18488
18513
18675
18692
18769
18881
18909
18977
19101
19115
19137
19159
19293
19306
19320
19328
19467
19836
19856
19872
19885
19931
20030
20066
20093
20100
20122
20153
20254
20312
20381
20460
20476
20485
20567
20680
20802
20887
20947
21053
21063
21118
21240
21253
21264
21310
21338
21447
21634
21690
21749
21786
21878
21882
22349
23472
23506
23582
24258
25471
25627
25783
25802
26053
26097
26137
26157
26166
26420
26483
26532
26715
26725
26743
26783
26811
26829
26863
26938
26982
27006
27039
27130
27132
27199
27215
27283
27360
27392
27440
27467
27498
27528
27547
27568
27641
27672
27685
27739
27757
27763
27818
27861
27888
27912
27917
27936
27968
28026
28044
28137
28146
28181
28216
28221
28228
28322
28346
28390
28427
28445
28472
28569
28675
28760
28789
28815
28867
28870
28916
29041
29094
29133
29167
29176
29272
29321
29469
29486
29510
29562
29587
29646
29739
29771
29798
29806
29829
29865
29947
29978
29990
30033
30071
30100
30104
30450
30469
30484
30561
30605
30622
30868
30888
31073
31096
31099
31124
31146
31157
31164
31175
31204
31207
31210
31235
31285
31294
31315
31325
31330
31411
31444
31550
31556
31575
31609
31687
31711
31834
31864
31925
31972
32106
32127
895
2273
2465
2522
2568
2577
2635
2713
2750
2768
2788
2800
2839
2940
2943
2950
2988
3026
3029
3053
3066
3186
3247
3258
3264
3271
3285
3338
3360
3472
3503
3564
3792
3837
3901
4025
4140
4215
5259
5321
5496
5664
6284
6300
6324
6359
6392
6483
6518
6547
6583
6589
6769
6809
7374
7399
7424
7439
7454
7578
7621
7650
7658
7883
7962
7985
8019
8113
8131
8185
8246
8302
8363
8389
8401
8441
8479
8500
8524
8540
8593
8626
9197
9450
9510
9540
9601
9636
9644
9683
9746
9794
9848
10131
10166
10181
10201
10207
10238
10278
10312
10324
10757
10806
10861
10911
10928
10953
10961
10986
11028
11056
11093
11097
11113
11123
11140
11160
11221
11274
11443
11451
11472
11556
11578
11616
11633
11671
11736
11852
11863
11870
11890
11919
11925
11957
12040
12140
12195
12353
12358
12444
12471
12498
12513
12590
12630
12707
12735
12752
12758
12797
12832
12885
12925
12935
12962
13017
13068
13113
13149
13189
13268
13371
13395
13436
13465
13538
13544
13733
13754
13765
13779
13830
14167
14272
14276
14289
14294
14309
14327
14335
14403
14601
14731
14976
14989
15009
15018
15082
15086
15956
16629
17022
17086
17200
17582
17592
17618
17644
17695
18484
18495
18903
18976
19116
19139
19290
19321
19826
19837
19849
19857
19870
19880
20141
20161
20238
20255
20296
20341
20387
20505
20513
20598
20674
20732
20805
20871
20895
20914
21023
21058
21102
21151
21241
21260
21875
22364
25733
25785
25801
25813
26078
26109
26142
26162
26164
26167
26195
26467
26482
26498
26524
26689
26694
26786
26818
26828
26830
26841
26877
26945
27001
27012
27037
27062
27100
27204
27269
27306
27341
27373
27432
27455
27487
27491
27530
27542
27561
27575
27654
27712
27779
27851
27879
27901
27932
27938
28001
28020
28029
28042
28071
28160
28219
28428
28442
28460
28474
28567
28632
28661
28695
28766
28798
28811
28844
28915
28922
29016
29066
29093
29095
29112
29145
29157
29170
29175
29217
29283
29293
29424
29471
29500
29522
29559
29586
29589
29612
29648
29856
29981
29992
30022
30081
30451
30600
30873
31063
31093
31103
31122
31140
31150
31158
31334
31424
31451
31553
31589
31676
31693
31702
31763
31832
31856
31874
31933
32115
888
2482
2521
2572
2580
2668
2699
2722
2744
2769
2805
2856
3045
3237
3256
3337
3505
4011
4030
4130
4150
4205
4224
5335
6288
6306
6348
6362
6382
6409
6464
6566
6795
7385
7410
7428
7441
7623
7649
7881
7959
8111
8115
8118
8264
8309
8352
8376
8387
8412
8425
8448
8471
8496
8501
8525
8538
8549
8587
8623
9193
9449
9469
9501
9514
9539
9548
9588
9624
9631
9651
9784
9808
9836
9884
10079
10154
10168
10210
10280
10764
10786
10854
10879
10908
10913
10934
10965
11020
11030
11053
11111
11276
11415
11466
11513
11601
11627
11640
11676
11706
11856
11921
11936
11950
12052
12320
12464
12613
12628
12649
12705
12738
12780
12817
12836
12862
12931
12959
12988
13023
13054
13069
13107
13118
13143
13166
13185
13248
13258
13297
13368
13386
13400
13478
13534
13789
13829
13836
14270
14282
14297
14308
14319
14332
14347
14396
14423
14623
14726
15007
17028
17642
17659
17697
18901
19138
19820
19828
19850
19882
20148
20176
20231
20288
20298
20321
20383
20504
20510
20561
20587
20648
20679
20692
20750
20853
20875
20905
20932
20989
21024
21090
21105
21123
22368
25779
25829
26092
26100
26154
26161
26165
26236
26461
26470
26489
26513
26523
26525
26621
26701
26785
26827
26876
26916
27049
27063
27205
27304
27309
27340
27343
27367
27385
27463
27552
27725
27784
27863
27919
27933
27946
27971
28014
28043
28057
28077
28432
28441
28458
28506
28568
28625
28643
28684
28743
28910
28920
28974
28999
29017
29054
29067
29083
29103
29156
29159
29173
29238
29282
29319
29332
29452
29474
29495
29513
29582
29645
29995
30031
31056
31136
31443
31449
31456
31600
31686
31746
31807
31827
31876
2467
2607
2644
2677
2709
2835
2852
3203
3241
4124
4216
5383
6298
6303
6338
6350
6367
6442
6461
6477
6565
6567
6782
7392
7416
7431
7626
8290
8331
8353
8366
8407
8422
8438
8468
8477
8489
8527
9442
9458
9493
9504
9530
9561
9580
9609
9627
9652
9785
9800
9830
9844
9865
10058
10095
10132
10155
10759
10775
10800
10859
10903
10914
10944
11049
11054
11109
11414
11440
11453
11480
11579
11626
11634
11645
11702
11722
11933
12319
12332
12607
12616
12700
12743
12784
12824
12840
12958
12984
13008
13080
13106
13142
13181
13229
13285
13424
13473
13531
13784
13884
14262
14389
14402
14405
14618
14646
17651
17660
19827
20173
20279
20292
20307
20384
20501
20512
20547
20590
20652
20683
20710
20737
20781
20821
20862
20877
20919
20943
20954
21022
21073
21099
21115
21121
25739
25782
25816
26094
26107
26148
26216
26240
26433
26464
26468
26476
26485
26505
26542
26663
26712
26824
26911
26924
27208
27311
27329
27351
27732
27783
27788
27866
27952
27980
28046
28067
28074
28084
28431
28495
28521
28570
28630
28677
28688
28728
28933
29010
29030
29051
29232
29270
29310
29419
29433
29466
29516
29615
30029
31434
31598
31679
31740
31757
31768
31818
31829
2595
2621
2640
2662
2827
3195
3219
3245
5366
5384
6339
6364
6369
6416
6454
6462
6466
6479
7388
7417
8276
8325
8340
8373
8408
9526
9555
9566
9578
9603
9616
9628
9807
9862
9872
10053
10074
10087
10101
10151
10162
10882
11045
11110
11427
11441
11587
11619
11635
11644
11685
11717
11935
12325
12597
12704
12994
13009
13096
13141
13184
13219
13242
13275
13411
13876
14261
14375
14395
14418
14611
14661
17645
17661
20172
20278
20299
20311
20531
20548
20591
20651
20661
20721
20759
20784
20849
20864
20876
20886
20930
20962
21002
21112
26198
26217
26238
26317
26421
26445
26466
26539
26596
26649
26675
26711
26892
26923
26927
27733
27813
27978
28079
28092
28497
28523
28572
28705
28736
28934
29009
29035
29222
29251
29303
29316
29384
29420
29443
30027
31738
31772
31830
2582
2602
2623
2806
2831
5353
5380
5387
6375
6453
8266
8279
8330
8339
9619
10063
10096
10111
11040
11419
11580
11597
11622
12593
12599
12991
12999
13082
13190
13235
13872
14260
14376
14394
14603
20165
20520
20532
20650
20658
20673
20726
20754
20774
20923
20955
20970
21020
21108
26207
26222
26314
26396
26441
26451
26535
26587
26615
26622
26650
26664
26688
26882
26903
27799
28091
28533
28604
28709
28966
29227
29347
29405
29422
29447
31714
31798
2587
5363
6373
8284
10098
10106
10117
11424
12993
13000
13198
20649
20655
20760
20985
21018
21111
26202
26215
26218
26224
26288
26316
26363
26418
26437
26448
26533
26537
26578
26604
26659
26669
26687
28548
28589
28611
28714
28939
29355
29387
29415
31713
31735
31782
31801
5356
10116
13207
20766
26209
26228
26279
26292
26351
26395
26415
26553
26586
26661
28577
28936
28947
29375
29394
5360
13199
26225
26230
26262
26280
26304
26349
26367
26397
26552
26560
26582
29376
26244
26267
26301
26343
26366
26370
26551
26568
26252
26324
26346
26380
26336
26330
26328
